-43.698192
-51.69248
-60.288415
-69.262352
-78.484736
-87.877382
-97.39104
-106.993435
-107.17152
-37.557353
-110.93215
-111.51738
-115.155975
-113.194695
-103.115378
-103.087355
-93.089542
-83.24073
-75.09727
-73.600758
-64.263678
-55.382896
-49.659854
-47.216589
-40.202532
-35.03965
-33.350929
-32.619116
-33.540016
-113.894265
-121.810386
-122.336587
-116.356511
-116.086664
-110.98751
-106.3222
-102.456751
-99.484443
-97.487003
-96.899603
-96.524971
-96.629277
-97.796509
-99.98945
-103.142697
-106.730826
