-26.471412
-10.51083
-15.395095
-18.64085
-15.662489
-10.015132
-4.279748
0.0
7.102993
10.918509
18.485734
29.868474
31.85215
41.251215
52.633956
52.78579
64.016697
73.719431
75.399438
86.782179
-14.937318
-15.462033
-25.943928
-36.163915
-37.157453
-48.43439
-56.130352
-54.060201
-45.474283
-40.712102
-38.35284
-33.639193
-32.534258
-32.401777
-20.383675
-5.838444
-9.008803
-0.381816
0.0
10.833073
13.081737
22.047962
17.143996
15.234568
5.929107
0.0
-5.285782
-6.855972
-16.50067
-27.715559
-28.946512
-38.930448
-33.242912
-32.351196
-22.028024
-10.813135
-10.260655
0.0
0.401754
11.616643
11.829885
17.123275
6.034381
5.908387
0.0
-5.306502
-11.402743
88.872522
94.378517
97.646494
101.382473
109.23829
109.49499
98.674431
91.782657
86.76862
74.86281
73.356301
62.956999
54.929946
51.051189
39.145378
36.503591
27.239568
18.077236
15.333757
3.427947
0.0
-0.34912
-8.477864
-18.775475
