-140.758113
-135.103095
-129.972483
-125.430644
-121.543599
-117.761108
-113.067229
-109.090412
-105.911462
-103.603849
-98.847736
-104.61614
-110.987381
-117.863737
-125.161985
-132.812592
-60.328526
-49.577343
-48.945786
-37.563045
-28.643702
-26.180304
-14.797563
-7.710062
-3.414822
0.0
7.967919
13.223579
16.131193
5.623444
-102.25087
-94.476749
-91.444625
-83.094008
-71.711267
-70.510984
4.290568
-99.36304
-92.207973
-82.165076
-72.122179
-62.079282
-52.036385
-41.993488
-31.950591
-21.907694
-11.864797
-1.8219
0.0
8.220997
8.946199
13.63165
