-36.700839
-7.370542
0.0
2.18461
11.055813
14.09042
25.996231
29.482168
37.902041
47.908524
49.807852
61.713662
66.334879
73.619473
84.761234
85.525283
-110.93215
-111.51738
-115.155975
-113.194695
-103.115378
-103.087355
-93.089542
-83.24073
-75.09727
-73.600758
-64.263678
-55.382896
-49.659854
-47.216589
-40.202532
-35.03965
-33.350929
-32.619116
-33.540016
-37.557353
-32.435816
91.200388
93.066787
99.728044
98.118021
92.774333
81.391592
77.18438
70.008851
58.62611
56.250739
47.243369
35.860629
35.317098
24.477888
14.383457
13.095147
1.712406
0.0
-6.550183
-9.670335
-21.053075
-27.483824
88.872522
8.564238
10.903048
20.529755
20.602591
11.802511
5.201865
0.0
-0.103299
-12.00911
-13.22449
-23.91492
-25.796897
-21.627012
-9.721201
9.654814
12.113426
16.775627
16.99695
9.174959
6.828546
0.0
-3.339858
-13.508262
-23.676666
-33.84507
-44.013474
-45.999839
-54.181878
-64.350282
-74.518686
-84.68709
-92.817357
-96.771611
-99.3003
-106.361789
-108.435327
