-116.662657
-126.38337
-136.144543
-145.938059
-155.757817
-163.629343
-162.187082
-161.352835
-161.136045
-161.539199
-162.557684
-164.180049
-166.38863
-169.160468
-172.468408
-176.282272
-180.570006
-178.432177
-170.506161
-162.808661
-155.373644
-148.240609
-141.455249
-135.069969
-129.144127
-123.743746
-118.940421
-114.809115
-111.424602
-108.856562
-107.163708
-103.434397
-100.227237
-97.940409
-113.894265
-121.810386
-122.336587
-116.356511
-116.086664
-110.98751
-106.3222
-102.456751
-99.484443
-97.487003
-96.899603
-96.524971
-96.629277
-97.796509
-99.98945
-103.142697
-106.730826
-68.628445
-78.671342
-82.95156
-88.714239
-107.17152
-96.748557
-62.051732
-60.729729
-60.689188
-61.160721
-61.125428
-59.359234
-59.03719
-58.814605
-60.478277
-62.376873
-63.881001
-68.7651
-74.84111
-77.960965
-81.844002
-89.556607
-97.811182
-100.422269
-105.214626
-107.590342
-62.507553
-108.435327
