-54.609811
-52.061547
-51.36709
-52.599917
-55.632046
-60.192173
-65.964165
-72.659784
-80.047595
-87.953344
-87.072265
-84.58866
-83.240034
-83.081678
-84.120313
-86.31274
-89.574276
-93.793459
-46.371066
-41.069268
-35.156177
-23.941288
-18.978728
-12.726399
-1.511511
0.0
3.111812
9.703378
20.918267
25.202353
32.133155
23.087335
19.142486
11.872447
0.657558
0.0
-2.948054
-91.444625
-83.094008
-71.711267
-70.510984
-57.585954
-94.476749
-3.251089
3.588753
0.0
-6.454144
-16.497041
-26.028112
-21.322941
-11.280044
4.290568
-60.328526
-49.577343
-48.945786
-37.563045
-28.643702
-26.180304
-14.797563
-7.710062
-3.414822
0.0
7.967919
13.223579
16.131193
5.623444
