-57.925198
-49.752673
-42.371317
-36.267458
-32.176521
-30.908389
-32.792202
-37.354096
-43.764466
-51.335451
-59.626576
-67.76047
-67.463465
-68.637868
-71.210918
-75.038874
-79.941669
-85.735105
-92.251537
-99.348799
-106.91128
-114.672798
-122.247633
-116.1857
-110.696658
-16.05616
-16.521391
-27.73628
-38.1467
-38.951168
-50.166057
-60.23724
-61.380946
-72.595834
-65.318718
-55.612835
-44.263277
-44.174643
-32.913719
-23.030567
-21.564161
-10.214602
-1.886491
0.0
1.134956
12.484514
19.257584
23.834072
35.18363
36.784538
30.65301
19.303452
15.640463
7.953893
0.0
-3.395665
-5.503613
-5.548374
-5.838444
-82.327781
-83.810723
-95.025612
-104.418321
-106.240501
