-1.237147
0.0
8.80575
13.561392
4.95592
3.518495
0.0
-6.524402
-14.704069
-4.661173
0.0
5.381724
15.424621
6.847604
0.0
-3.195293
-13.23819
-13.037892
-2.994995
0.0
3.44785
7.047902
8.564238
10.903048
20.529755
20.602591
11.802511
5.201865
0.0
-0.103299
-12.00911
-13.22449
-23.91492
-25.796897
-21.627012
-9.721201
9.654814
-5.319242
-15.88227
-19.099073
-26.97677
-34.026482
-31.099343
-22.811593
-11.596704
-3.251089
-11.402743
-7.370542
0.0
2.18461
11.055813
14.09042
25.996231
29.482168
37.902041
47.908524
49.807852
61.713662
66.334879
73.619473
84.761234
85.525283
88.872522
-10.51083
-15.395095
-18.64085
-15.662489
-10.015132
-4.279748
0.0
7.102993
10.918509
18.485734
29.868474
31.85215
41.251215
52.633956
52.78579
64.016697
73.719431
75.399438
86.782179
