-127.09188
-133.086934
-139.541814
-146.395709
-153.595213
-148.292968
-142.020942
-136.195049
11.918488
-118.956354
-110.878216
-107.882443
-103.257154
-96.201856
-89.761128
-87.970912
-82.25776
-75.500427
-69.706427
-69.308366
-65.133352
-126.470967
-62.507553
11.714731
1.671834
0.0
-8.371063
-18.41396
-28.456857
-38.499754
-48.542651
-58.585548
12.113426
11.659729
-122.617103
-121.692851
-110.711292
-103.266496
-98.805482
-86.899671
-84.840141
-74.993861
-66.413785
-63.08805
-51.182239
-47.98743
-39.276429
-29.561075
-27.370618
-15.464808
-11.13472
-3.558997
0.0
7.291636
8.346813
-134.522913
