-102.39638
-93.878602
-85.681767
-77.907242
-70.694495
-64.233052
-58.771236
9.988931
-57.585954
-103.20914
-100.292389
-96.552751
-86.384346
-76.215942
-66.891103
-66.047538
-55.879134
-45.71073
-35.542326
-25.373922
-15.205518
-11.716305
-5.037114
0.0
5.13129
11.659729
9.654814
-1.237147
0.0
8.80575
13.561392
4.95592
3.518495
0.0
-6.524402
-14.704069
-4.661173
0.0
5.381724
15.424621
6.847604
0.0
-3.195293
-13.23819
-13.037892
-2.994995
0.0
3.44785
7.047902
-3.251089
-46.371066
-41.069268
-35.156177
-23.941288
-18.978728
-12.726399
-1.511511
0.0
3.111812
9.703378
20.918267
25.202353
32.133155
23.087335
19.142486
11.872447
0.657558
0.0
-2.948054
