-102.226597
-101.817469
-102.388069
-103.922261
-106.378363
-109.694466
-103.7079
-94.208962
-84.825282
-75.599792
-66.598262
-9.008803
-0.381816
0.0
10.833073
13.081737
22.047962
17.143996
15.234568
5.929107
0.0
-5.285782
-6.855972
-16.50067
-27.715559
-28.946512
-38.930448
-33.242912
-32.351196
-22.028024
-10.813135
-10.260655
0.0
0.401754
11.616643
11.829885
17.123275
6.034381
5.908387
0.0
-5.306502
-99.36304
-92.207973
-82.165076
-72.122179
-62.079282
-52.036385
-41.993488
-31.950591
-21.907694
-11.864797
-1.8219
0.0
8.220997
8.946199
13.63165
3.682355
7.884441
1.008504
0.0
-0.583475
-10.374237
-21.517116
-21.756978
-20.343815
-12.826095
-11.515528
-55.612835
-44.263277
-44.174643
-32.913719
-23.030567
-21.564161
-10.214602
-1.886491
0.0
1.134956
12.484514
19.257584
23.834072
35.18363
36.784538
30.65301
19.303452
15.640463
7.953893
0.0
-3.395665
-5.503613
-5.548374
-102.25087
4.290568
-11.402743
-65.318718
-5.838444
