16.775627
16.99695
9.174959
6.828546
0.0
-3.339858
-13.508262
-23.676666
-33.84507
-44.013474
-45.999839
-54.181878
-64.350282
-74.518686
-84.68709
-92.817357
-96.771611
-99.3003
-106.361789
11.714731
1.671834
0.0
-8.371063
-18.41396
-28.456857
-38.499754
-48.542651
-58.585548
-62.051732
-60.729729
-60.689188
-61.160721
-61.125428
-59.359234
-59.03719
-58.814605
-60.478277
-62.376873
-63.881001
-68.7651
-74.84111
-77.960965
-81.844002
-89.556607
-97.811182
-100.422269
-105.214626
-107.590342
12.113426
-62.507553
-108.435327
