-130.874883
-126.124457
-122.010336
-118.598759
-115.951754
-114.122534
-113.150768
-113.058568
-113.848072
-111.161348
-100.292389
-96.552751
-86.384346
-76.215942
-66.891103
-66.047538
-55.879134
-45.71073
-35.542326
-25.373922
-15.205518
-11.716305
-5.037114
0.0
5.13129
-122.617103
-121.692851
-110.711292
-103.266496
-98.805482
-86.899671
-84.840141
-74.993861
-66.413785
-63.08805
-51.182239
-47.98743
-39.276429
-29.561075
-27.370618
-15.464808
-11.13472
-3.558997
0.0
7.291636
8.346813
-103.20914
-134.522913
11.659729
