-19.923511
-17.121827
-19.7324
-26.183549
-34.377157
-43.335892
-52.670772
-62.212707
-71.879284
-63.610596
-54.853335
-46.599022
-39.166942
-33.115401
-29.312288
-28.666892
-31.374689
94.378517
97.646494
101.382473
109.23829
109.49499
98.674431
91.782657
86.76862
74.86281
73.356301
62.956999
54.929946
51.051189
39.145378
36.503591
27.239568
18.077236
15.333757
3.427947
0.0
-0.34912
-8.477864
-18.775475
91.200388
93.066787
99.728044
98.118021
92.774333
81.391592
77.18438
70.008851
58.62611
56.250739
47.243369
35.860629
35.317098
24.477888
14.383457
13.095147
1.712406
0.0
-6.550183
-9.670335
-21.053075
-27.483824
-20.383675
88.872522
-32.435816
