-102.226597
-101.817469
-102.388069
-103.922261
-106.378363
-109.694466
-103.7079
-94.208962
-84.825282
-75.599792
-66.598262
-9.008803
-0.381816
0.0
10.833073
13.081737
22.047962
17.143996
15.234568
5.929107
0.0
-5.285782
-6.855972
-16.50067
-27.715559
-28.946512
-38.930448
-33.242912
-32.351196
-22.028024
-10.813135
-10.260655
0.0
0.401754
11.616643
11.829885
17.123275
6.034381
5.908387
0.0
-5.306502
-99.36304
-92.207973
-82.165076
-72.122179
-62.079282
-52.036385
-41.993488
-31.950591
-21.907694
-11.864797
-1.8219
0.0
8.220997
8.946199
13.63165
3.682355
7.884441
1.008504
0.0
-0.583475
-10.374237
-21.517116
-21.756978
-20.343815
-12.826095
-11.515528
-55.612835
-44.263277
-44.174643
-32.913719
-23.030567
-21.564161
-10.214602
-1.886491
0.0
1.134956
12.484514
19.257584
23.834072
35.18363
36.784538
30.65301
19.303452
15.640463
7.953893
0.0
-3.395665
-5.503613
-5.548374
-60.986882837174335
-57.66408263677388
-55.945449779747186
-54.635254187398274
-53.133676286454154
-50.96891268150081
-48.22343644200574
-45.21437229303643
-42.272599293844486
-39.64180921807514
-36.92162647176605
-43.76348393232998
-54.40444730540521
-50.987555226205316
-48.94127484642905
-47.32278328051749
-45.700887234375934
-43.84376240140526
-41.71085856098369
-39.38703220070952
-36.98074270588947
-34.51784267052952
-31.955948147951613
-29.245618283967676
-25.709593199216137
-49.0572655198736
-45.72768195030508
-43.68667640249888
-42.055171484815155
-40.50297413488761
-38.86193417444303
-37.069568997551606
-35.130378134432554
-33.06682367251877
-30.875767565432852
-28.514922838781327
-25.870030567459946
-22.769780762822688
-19.110498635274023
-13.927141511959436
-44.106296886014256
-41.05556785493428
-39.19506806451925
-37.7011008237981
-36.30408480947328
-34.86973997374054
-33.33526557706281
-31.679819031524765
-29.897691585118835
-27.975576359070857
-25.87841303922145
-23.541110472552127
-20.875462280689128
-17.748798185136376
-13.940958495326374
-9.718776530148027
-3.3314107212439126
-39.245581962563556
-36.66924380844922
-35.11966246440251
-33.86147298887822
-32.677269697657174
-31.46047890922225
-30.158197063996568
-28.747550676520714
-27.218386098895454
-25.55939459702402
-23.7487868616653
-21.750333940484538
-19.514735862809104
-16.983453939728278
-14.114700668116015
-10.88314960183993
-7.012691079653173
-2.6359257647061134
6.803394771042691
-34.3323798671392
-32.42622979839713
-31.298183015449375
-30.352942740605744
-29.42692523250997
-28.44259729564276
-27.36432595742824
-26.179295053739335
-24.884939521375703
-23.479461126492566
-21.95515699931006
-20.29505006637513
-18.473315567065654
-16.460218116120664
-14.230625224032678
-11.75951176644885
-9.016827377855067
-5.988195050118704
-2.6447711476545686
-0.3544203431260272
4.171784904682237
-29.251089356513223
-28.252144527652423
-27.651316571117164
-27.087990906109617
-26.456994263154005
-25.716132592448243
-24.854783298869513
-23.87849814209709
-22.799974430034965
-21.63229764432548
-20.383336856630592
-19.0514841818403
-17.623510577902245
-16.075550331640837
-14.377327019315567
-12.499130047207787
-10.42858582965941
-8.206058995161486
-6.003418141853476
-4.151778038267272
-2.8289132001404473
-2.655894369711245
-3.779064701743876
-23.817934111323908
-24.097808081544624
-24.150382446535794
-24.036868247523845
-23.72694749605327
-23.230055110965477
-22.570345290181592
-21.77859559304552
-20.88882067777705
-19.934322878735113
-18.94244519061519
-17.928284752424094
-16.888224539076937
-15.795199493599883
-14.598509820967285
-13.230419566258348
-11.623969879324804
-9.759363886130961
-7.702000463735
-5.553671198970308
-3.582158148794841
-2.1790618743390278
-17.577314912617247
-19.916367242425412
-20.82330259263476
-21.21807364428265
-21.233860779576393
-20.963787917747695
-20.475441671591682
-19.829380562601884
-19.08619862589279
-18.305916515470255
-17.542978266996258
-16.837344990603246
-16.201741557297137
-15.606598996264903
-14.969313347262721
-14.155472884119806
-12.963730600386954
-11.191556597396833
-8.811342967563464
-5.519188562067505
10.107841433626325
-8.448774921310868
-15.833450947892802
-17.80464526400436
-18.692204654642147
-18.999731363099347
-18.917090345786068
-18.549882131013007
-17.988732347795388
-17.325825310095965
-16.656270055501285
-16.074153847902643
-15.661905410083204
-15.472021652626648
-15.49506891520531
-15.613792606652508
-15.63113317930946
-15.203354024563406
-13.397086926730047
-10.547841319179637
6.5523077997250985
-12.66379670303524
-15.30079376003833
-16.519612449661302
-17.0556832757901
-17.10558638444937
-16.78574446639427
-16.217070443812798
-15.52990475105605
-14.864258003917579
-14.372759818851492
-14.208521683212153
-14.51547297586741
-15.408643432072928
-16.800217995980802
-18.413004851977387
-27.960401610216927
-10.772003343749185
-13.254996864639
-14.677847649740905
-15.439334335015378
-15.569238628316583
-15.190183434418767
-14.472664794472388
-13.594440110536134
-12.74328801237212
-12.161134685521622
-12.118181125706602
-12.890278985171339
-14.995437968859349
-23.735133858106806
-7.996339132079221
-11.022167471474102
-13.039260343765976
-14.265399206858591
-14.405374962697609
-13.792813344101184
-12.701848586708712
-11.354161524294163
-9.95584143489145
-8.750250300533304
-8.567193986952953
-8.082638069046832
-12.008452596299685
-13.996652145235922
-13.813423564073268
-12.647185176905666
-10.819451672596248
-8.37368385798262
-5.7362916839180444
4.754620411221761
-20.886867727666626
-14.006633451538917
-11.817418885145297
-8.728781407052498
0.9635192044322358
-11.513548388505212
-102.25087
4.290568
-11.402743
-65.318718
-5.838444
