-57.925198
-49.752673
-42.371317
-36.267458
-32.176521
-30.908389
-32.792202
-37.354096
-43.764466
-51.335451
-59.626576
-67.76047
-67.463465
-68.637868
-71.210918
-75.038874
-79.941669
-85.735105
-92.251537
-99.348799
-106.91128
-114.672798
-122.247633
-116.1857
-110.696658
-16.05616
-16.521391
-27.73628
-38.1467
-38.951168
-50.166057
-60.23724
-61.380946
-72.595834
-34.64740941553974
-31.49779393352391
-29.665364031280706
-28.880037239371354
-29.33369967028716
-30.808290147803135
-33.05802676422509
-35.86846728026918
-38.98940624332877
-42.10258580364026
-44.944141551537655
-47.735172962917964
-50.66286010032574
-53.79951130092705
-57.1619145636257
-60.73869932312267
-64.50437115286424
-68.43312784539009
-72.55848652088915
-77.39679896238002
-24.805457365525456
-24.985155511846347
-23.618367642555324
-24.409105354600094
-25.913328597227654
-28.07686553650244
-30.76982750466074
-33.79175879443915
-36.92760795623295
-40.046677398251866
-43.16052184159557
-46.336251102126504
-49.63101197314486
-53.08470514318729
-56.7267428343958
-60.590645927126964
-64.73220502882434
-69.29676418682388
-75.09891919104852
-9.838845175044296
-17.4435863742575
-19.084028387061338
-21.89184687671117
-25.038604782446306
-28.55887162973024
-32.129643097065305
-35.63823664643245
-39.1055989671176
-42.588095950661376
-46.15141668376496
-49.87083484618382
-53.827930797035584
-58.124829184229895
-63.01778972289275
-68.49343048519358
-75.77404640467999
-4.733826662949179
-13.160335655436292
-17.51675373170582
-22.675900723945414
-27.125569825914837
-31.233204245658378
-35.154273080399236
-39.01219275645656
-42.91489150777273
-47.00440083501111
-51.50895812003026
-56.462101540061155
-62.79083823760165
-4.428223013583005
-15.697716755941183
-21.468517558546708
-26.583390369043013
-31.086082928101053
-35.37574712233578
-39.66515173480338
-44.068914491477315
-49.399547912724536
-14.180613834887339
-21.204587926804802
-26.633754558640995
-31.22055404881585
-35.873614674003306
-21.164594264495953
-65.318718
-55.612835
-44.263277
-44.174643
-32.913719
-23.030567
-21.564161
-10.214602
-1.886491
0.0
1.134956
12.484514
19.257584
23.834072
35.18363
36.784538
30.65301
19.303452
15.640463
7.953893
0.0
-3.395665
-5.503613
-5.548374
-5.838444
-82.327781
-83.810723
-95.025612
-104.418321
-106.240501
