16.775627
16.99695
9.174959
6.828546
0.0
-3.339858
-13.508262
-23.676666
-33.84507
-44.013474
-45.999839
-54.181878
-64.350282
-74.518686
-84.68709
-92.817357
-96.771611
-99.3003
-106.361789
11.714731
1.671834
0.0
-8.371063
-18.41396
-28.456857
-38.499754
-48.542651
-58.585548
-62.051732
-60.729729
-60.689188
-61.160721
-61.125428
-59.359234
-59.03719
-58.814605
-60.478277
-62.376873
-63.881001
-68.7651
-74.84111
-77.960965
-81.844002
-89.556607
-97.811182
-100.422269
-105.214626
-107.590342
-13.252948615546673
-8.096268502614286
-20.893764970040415
-24.003091294379104
-25.558124881806574
-29.04091928120037
-34.143974213710436
-38.75921845816825
-42.9828129359719
-46.04169084419418
-26.51370128825331
-30.386517015221397
-33.11796560007479
-36.26944837070251
-40.06352389396653
-44.08716710767417
-48.15773698103985
-52.23380640110213
-56.84048127209751
-62.06485951372623
-67.75409505390617
-74.44479813491145
-83.6647955492468
-32.0828855529892
-35.63983575893502
-38.41844779358167
-41.262065452532745
-44.36885362363898
-47.70173585873164
-51.210683600722156
-54.9188867998378
-59.088592638631724
-63.88089656712959
-68.82216437210236
-74.82750766888864
-86.83117186879454
-37.255848383010914
-40.32367606147537
-42.81369875763384
-45.318580309744654
-47.925149312310715
-50.721217670024686
-53.86843412761814
-57.21802856142606
-61.26579693753594
-68.10517129702758
-42.372703541221824
-44.70840262163831
-46.76850586729714
-48.981278941699514
-51.15984552524147
-53.347976835980276
-56.706020262356716
-47.69607828937983
-49.13936173305578
-50.68012307393562
-53.29380124554063
-54.029296670077905
12.113426
-62.507553
-108.435327
