-54.609811
-52.061547
-51.36709
-52.599917
-55.632046
-60.192173
-65.964165
-72.659784
-80.047595
-87.953344
-87.072265
-84.58866
-83.240034
-83.081678
-84.120313
-86.31274
-89.574276
-93.793459
-46.371066
-41.069268
-35.156177
-23.941288
-18.978728
-12.726399
-1.511511
0.0
3.111812
9.703378
20.918267
25.202353
32.133155
23.087335
19.142486
11.872447
0.657558
0.0
-2.948054
-91.444625
-83.094008
-71.711267
-70.510984
-61.7309522743189
-65.76448386265227
-57.692522709603125
-53.2972234754021
-49.127541652291
-55.31665009092098
-50.1843544061152
-45.7438262119281
-41.35758074321637
-36.1554883279126
-53.7339648894573
-48.2774378593506
-43.67155585380609
-39.20205662543683
-34.47602976428994
-29.353338352469443
-22.38985676950608
-52.60399487354536
-46.89796995248294
-42.195023256216906
-37.8037651221217
-33.411326615973486
-28.768019024690282
-23.505697460705267
-17.573292826852107
-9.383049517466755
-51.701973487106635
-45.75113960987437
-40.99363814583779
-36.70419385542117
-32.59047726533285
-28.48322555228473
-24.290950862649797
-20.042069080424614
-15.735843513932576
-11.921648611606622
-3.869975227538991
-50.775247006627026
-44.61610478604553
-39.84823189199315
-35.670668140747324
-31.8013523727922
-28.118186764890336
-24.58887315918176
-21.251923943057772
-18.191413015907976
-15.429491295405716
-12.274788260304677
-49.4697937969568
-43.30661883838455
-38.60493758778606
-34.544226098568885
-30.86466052144471
-27.473582111205406
-24.362461580308125
-21.58026648669171
-19.221015637932048
-17.42965109483229
-16.53128956019273
-47.5507677356586
-41.72939356659468
-37.17796710496738
-33.22554171429976
-29.66510748937476
-26.435812642533143
-23.551496597753527
-21.07754363032712
-19.12747132352999
-17.907607871709764
-18.216439332218826
-45.30147689693794
-39.93000180181172
-35.55298724142272
-31.668292624533365
-28.133754599690374
-24.92351023184226
-22.077570663818562
-19.683931931240235
-17.867458955018446
-16.788580519816936
-16.81452427024935
-42.99269743564352
-38.0197067454162
-33.76717913244967
-29.866283651257646
-26.230215166676533
-22.86089981052775
-19.82708702706998
-17.254067985872513
-15.304217823293168
-14.107032905736217
-13.47674148854349
-40.80688910222748
-36.118212238549
-31.887311285672613
-27.839668041651706
-23.92874875322203
-20.14929776069524
-16.57390568817162
-13.43654515718082
-10.786079130460507
-9.600666131928868
-5.974158865367191
-38.896815283806994
-34.353091740949004
-30.008162730271444
-25.621177758472555
-21.194127021222737
-16.65544716389324
-11.593768422589116
-7.208679832410966
1.6579659689258914
-37.41034642213521
-32.88031123194187
-28.285856425626754
-23.259288036641163
-17.72450697926616
-12.385623997427608
-0.07697371669104777
-36.512445721853865
-31.92219994358441
-26.956354128187456
-21.218958819645234
-10.17358519112862
-36.47214838189776
-31.999656881475534
-25.95318122153562
-38.761261430824504
-57.585954
-94.476749
-3.251089
3.588753
0.0
-6.454144
-16.497041
-26.028112
-21.322941
-11.280044
4.290568
-60.328526
-49.577343
-48.945786
-37.563045
-28.643702
-26.180304
-14.797563
-7.710062
-3.414822
0.0
7.967919
13.223579
16.131193
5.623444
