-43.698192
-51.69248
-60.288415
-69.262352
-78.484736
-87.877382
-97.39104
-106.993435
-51.57404836650546
-59.58974585092202
-59.58997864247613
-65.13037242999414
-65.12105080388774
-65.3670891834148
-66.035722602724
-77.0366541885116
-77.60632634972463
-75.25371992084132
-73.35574168990406
-72.73456903060526
-72.14143439456286
-71.74639757818032
-71.16390304782244
-103.0337948630346
-93.13790139844481
-88.79663396713093
-85.38488766051911
-82.94168742071085
-80.80638471684908
-79.14481552022409
-78.0309376284084
-77.24971780923876
-76.65492627372367
-75.93568597592305
-105.38677785583585
-102.39200134430429
-99.4836929623868
-95.81686336238816
-92.1831792845559
-89.18448594137203
-86.83431400619018
-84.98842364781257
-83.51196006150161
-82.35429939295803
-81.53049339386943
-80.97457792262146
-80.52088891085506
-101.43341948500185
-96.13666951133357
-92.75133438212336
-90.32700047086087
-88.68511120617772
-87.33683009571224
-86.10541162851203
-85.3482562290578
-85.00179335027235
-85.02136701109919
-92.74950782813612
-90.17837679937017
-89.27981302860495
-89.12054926325087
-89.69946698004325
-107.17152
-37.557353
-110.93215
-111.51738
-115.155975
-113.194695
-103.115378
-103.087355
-93.089542
-83.24073
-75.09727
-73.600758
-64.263678
-55.382896
-49.659854
-47.216589
-40.202532
-35.03965
-33.350929
-32.619116
-33.540016
-113.894265
-121.810386
-122.336587
-116.356511
-116.086664
-110.98751
-106.3222
-102.456751
-99.484443
-97.487003
-96.899603
-96.524971
-96.629277
-97.796509
-99.98945
-103.142697
-106.730826
