-1.237147
0.0
8.80575
13.561392
4.95592
3.518495
0.0
-6.524402
-14.704069
-4.661173
0.0
5.381724
15.424621
6.847604
0.0
-3.195293
-13.23819
-13.037892
-2.994995
0.0
3.44785
7.047902
8.564238
10.903048
20.529755
20.602591
11.802511
5.201865
0.0
-0.103299
-12.00911
-13.22449
-23.91492
-25.796897
-21.627012
-9.721201
-6.402741959206239
-2.134315922972787
-2.0292237403517603
-6.306539705962344
-4.109216768481622
-1.8651835915744372
0.2379801330931204
1.196023727298992
1.534198122232388
0.248737121682709
-0.3877036152003916
-0.8648943637397389
-0.8919319440127218
-0.10500758214165345
1.0900982669166042
2.435649707649434
3.6361020179920547
4.748688612807326
5.921826348109312
7.635857546127672
10.54948634197199
3.8009753043532495
1.8576426823820091
1.707085785012233
2.185343135019942
3.069536586073357
4.19258410067836
5.4488521377158845
6.85393954180942
8.534785072433108
10.737547203511445
13.749427347152244
17.91062261645801
26.2632635340499
7.742525995770567
3.1999916749524537
3.1218756683091238
3.6016310312232456
4.417698117421428
5.48011777268498
6.754957261795134
8.267798642187014
10.103477096356368
12.395225581328914
15.302177976902758
19.004633072179487
23.57321258145748
29.28878970233875
51.39511392584389
3.3333168556840067
3.7857336094682026
4.445343937116871
5.297358496171992
6.346818541678143
7.613141387270745
9.139048198800536
10.993807853033985
13.267614483791714
16.059594177947265
19.460807422637473
23.545670714498343
28.49112662060902
34.36898028985107
41.88681909643546
2.924691559719935
4.0561715417702615
4.93020561771151
5.826637299412114
6.851283158265988
8.068798707948373
9.541415625718907
11.340678082051628
13.54714023270937
16.244077107542005
19.508990324248575
23.415022855838732
28.046391952776055
33.529931872473995
40.270591853454235
48.19470125217468
2.6882755389921327
4.26737638491671
5.225529202430776
6.097389557014525
7.042979622108979
8.152005073958046
9.503874890614153
11.183642448583836
13.284442887922028
15.905754928259384
19.146921632523227
23.107181758747345
27.977457574332938
33.82362021496945
44.10954075449333
3.3211771074110006
4.607530338312955
5.42634282712015
6.166432839213785
6.952915481132378
7.871508949159796
9.015439334092296
10.493172634915407
12.429496807984053
14.973769742473738
18.30575442378859
22.57545672603593
28.147076004761374
4.567633698539251
5.030214048609017
5.537058247743126
6.0562344447009675
6.594624336278932
7.211324748890926
8.01739438673509
9.160511832489007
10.80800658801592
13.2217787107037
16.694912111507698
22.7690354767865
5.750456480596871
5.257143710988197
5.504159839819578
5.781429644334054
5.980004523926836
6.128468142151329
6.364902114517729
6.944459870693207
7.959115333893639
9.923826714465891
4.838954164818823
5.033259495391542
5.332739332011312
5.4038572889021195
5.15159638657894
4.559326110424593
3.6337100112763787
3.186234506489033
-0.14538194363756976
2.9111420530045073
4.6374698736291
5.204659215507339
5.090406097067824
4.214585370527209
2.4390112928065606
-1.2442184714423297
0.6351863249495356
4.570989597905182
5.465495369393928
5.153746441126571
3.522864595359595
-6.415749631806863
-0.5887610365222395
5.2676603408591065
6.716060016555143
6.461211047574063
1.066601876308675
6.582338265205455
20.034236160074823
9.654814
-5.319242
-15.88227
-19.099073
-26.97677
-34.026482
-31.099343
-22.811593
-11.596704
-3.251089
-11.402743
-7.370542
0.0
2.18461
11.055813
14.09042
25.996231
29.482168
37.902041
47.908524
49.807852
61.713662
66.334879
73.619473
84.761234
85.525283
88.872522
-10.51083
-15.395095
-18.64085
-15.662489
-10.015132
-4.279748
0.0
7.102993
10.918509
18.485734
29.868474
31.85215
41.251215
52.633956
52.78579
64.016697
73.719431
75.399438
86.782179
