-5.319242
-15.88227
-19.099073
-26.97677
-34.026482
-31.099343
-22.811593
-11.596704
3.588753
0.0
-6.454144
-16.497041
-26.028112
-21.322941
-11.280044
-6.144213209748154
-2.3578737864558383
-10.379855530844408
-10.14463438147887
-12.264573058906679
-13.566251737014314
-12.961671924366563
-14.436671483722911
-16.241823094052723
-16.146554062592884
-14.265707276914823
-14.485245682858904
-16.67620640888581
-23.971838390327235
-12.404394977289897
-15.403530499739071
-3.251089
-11.402743
3.682355
7.884441
1.008504
0.0
-0.583475
-10.374237
-21.517116
-21.756978
-20.343815
-12.826095
-11.515528
4.290568
