-105.869652
-101.798902
-98.578139
-91.800115
-81.996779
-72.24737
-62.577097
-53.029272
-43.684258
-34.706268
-82.327781
-83.810723
-95.025612
-104.418321
-78.49030994435905
-76.58308122194582
-60.11853311180702
-63.28444196232895
-67.39878635898354
-71.58406080616045
-40.509825799811935
-50.7573860192223
-55.56052685339693
-59.444951781453504
-63.224948671601034
-67.5420696077525
-19.26788349815694
-38.51211893942533
-44.39182364263726
-49.093113614968175
-53.10271909249739
-56.54180323562621
-59.837555045681924
-63.60590539997186
-37.695239264167256
-43.475671237772744
-47.834936165068704
-51.29864819003903
-54.096807832890946
-56.72596420507955
-59.6825030963252
-38.867758107903306
-47.36016980175173
-50.29940012752323
-52.03369060456324
-53.73015655951929
-55.76991859355545
-52.001909199618424
-50.013407896684015
-50.52411333418962
-51.79490537663897
-45.218177790546996
-47.444779874796595
-106.240501
-32.401777
-16.05616
-16.521391
-27.73628
-38.1467
-38.951168
-50.166057
-60.23724
-61.380946
-72.595834
-5.838444
-14.937318
-15.462033
-25.943928
-36.163915
-37.157453
-48.43439
-56.130352
-54.060201
-45.474283
-40.712102
-38.35284
-33.639193
-32.534258
