-102.39638
-93.878602
-85.681767
-77.907242
-70.694495
-64.233052
-58.771236
9.988931
0.220114856461818
-2.56174023137214
3.2941505711358112
-1.515170979276822
-3.1575889871179688
-3.4036545624951153
-5.385130898911278
-5.232748179763541
-5.005289738409701
-5.549848099622712
-5.690123260834023
-4.96837941983146
2.2295886798310347
-17.327463437141333
-13.58913128803589
-11.499263552572009
-10.176132943320871
-9.171470544348793
-8.514136404568273
-7.885978001859614
-7.092033073612063
-6.46987239219767
-31.01179001709468
-25.05810175514279
-21.0652119998236
-17.8448085669801
-15.402004342504105
-13.56108195416901
-12.078154407636616
-10.837830909541548
-9.732731259102199
-8.808898855147694
-9.588134132715949
-36.90468918760754
-31.938083868622787
-27.618571149598147
-23.983861811233105
-20.93579684954791
-18.386435499549346
-16.24177817466703
-14.385713172316423
-12.720046571217319
-11.153809635293921
-9.583349091311488
-7.520084490135383
-39.000937455373986
-34.10284541660676
-30.112032669112644
-26.64619950318629
-23.60502166841054
-20.919693614374726
-18.52460242440604
-16.349953789007213
-14.318171677797046
-12.315792982513443
-10.085511945731898
-6.454812884114721
-41.909399766853
-36.79631026808344
-32.76843407578344
-29.27101255903787
-26.12677270197362
-23.251981751575514
-20.595912822701962
-18.117145178087487
-15.761120591039377
-13.420984716554807
-10.825163201312279
-6.572473023495799
-45.262556582039615
-39.84819787555254
-35.66747711118088
-32.02604048572754
-28.688065148100673
-25.55183323472134
-22.58348339141711
-19.77673737005734
-17.113137326260674
-14.52445173554228
-11.810488646855388
-8.210831421852587
-49.05022828131798
-43.36631796705668
-38.98172776848357
-35.11399305524758
-31.48855800238267
-27.978274564622307
-24.588025539212367
-21.375228526352853
-18.370156268581145
-15.56111197359639
-12.87116644135388
-9.928215401146375
-53.7914831544725
-47.87862162290716
-43.14415813245414
-38.90398571002224
-34.86346096828832
-30.750507432355704
-26.709262655556532
-22.932419301583497
-19.477974662733747
-16.371857182957683
-13.66789283356898
-11.614755973392203
-64.70101316071069
-56.273880677086176
-49.66548403954694
-44.329351708998736
-39.748251458090195
-34.265497964568596
-29.080569312518247
-24.48177203132492
-20.375373772303202
-16.759690582681504
-13.694789693038834
-11.377169217218476
-62.55577626822366
-41.20641057901586
-32.57247317561849
-26.33848974227288
-21.106530737962903
-16.578359594580032
-12.769568903167045
-9.376407202182277
-9.475283543461089
-5.880685555491432
3.0725048228815783
-57.585954
-103.20914
-100.292389
-96.552751
-86.384346
-76.215942
-66.891103
-66.047538
-55.879134
-45.71073
-35.542326
-25.373922
-15.205518
-11.716305
-5.037114
0.0
5.13129
11.659729
9.654814
-1.237147
0.0
8.80575
13.561392
4.95592
3.518495
0.0
-6.524402
-14.704069
-4.661173
0.0
5.381724
15.424621
6.847604
0.0
-3.195293
-13.23819
-13.037892
-2.994995
0.0
3.44785
7.047902
-3.251089
-46.371066
-41.069268
-35.156177
-23.941288
-18.978728
-12.726399
-1.511511
0.0
3.111812
9.703378
20.918267
25.202353
32.133155
23.087335
19.142486
11.872447
0.657558
0.0
-2.948054
