-26.471412
-10.51083
-15.395095
-18.64085
-15.662489
-10.015132
-4.279748
0.0
7.102993
10.918509
18.485734
29.868474
31.85215
41.251215
52.633956
52.78579
64.016697
73.719431
75.399438
86.782179
-14.937318
-15.462033
-25.943928
-36.163915
-37.157453
-48.43439
-56.130352
-54.060201
-45.474283
-40.712102
-38.35284
-33.639193
-32.534258
5.7444967188554745
-0.5202123468215919
-12.433829954069882
5.693969133496203
3.511750557416693
0.9802266311750272
-2.3953606586423875
-7.506052510129524
2.824785333158831
5.038167148374521
5.260813719438567
4.322024825204507
2.614205820334294
0.13672053994775957
-3.410900545319419
-8.072298617726272
-15.192291197183927
-2.4986458465278134
1.84843887645985
4.358445380607691
5.8278319922599575
6.247857728829583
5.797378537151174
4.638705465033657
2.8266232852010424
0.3435657359991691
-2.8097460665284775
-6.8056012847648395
-10.846610468651694
-15.842449638749073
-4.721730320897152
-1.0426902379455345
2.168138797816166
4.7956065874154445
6.571864437941995
7.668261862725815
8.098128518806815
7.894628400975914
7.111933729110663
5.793361920574406
3.974425345115022
1.7077822751242258
-0.8973814792046833
-3.584618925796942
-6.38057547926285
-8.904174340617953
-13.755524428403474
1.0258118526541156
1.215583885007835
2.4931067664753015
4.312904996359842
6.175588862572284
7.885781058709137
9.23117319048217
10.14196619506356
10.584459039221054
10.546173959772307
10.03548730320566
9.073573013477807
7.693755031065738
5.950073292331518
3.928625700117725
1.7353117976121457
-0.5610288393222594
-2.967048239221592
-5.988610997053333
7.346991142710011
5.863713481853176
5.806940104979042
6.226473510295476
7.121472632576503
8.388678086012222
9.780983238811071
11.117214594932518
12.255477925316193
13.102970290770608
13.60094197199475
13.712979366549526
13.421586103494896
12.72568907638527
11.63917007545527
10.190008505492912
8.414883295737106
6.344571947960719
3.957547842540735
1.2216449651173784
-2.2593631177428244
9.564090609733903
9.039362868989961
8.686295699698396
8.608078380568816
9.016822184249639
9.77388572909525
10.78773897022045
11.985386900804189
13.258935200941677
14.498481314898061
15.606594409138443
16.50217349890435
17.11922206136984
17.40556555027585
17.32373712181006
16.85152587032458
15.979532147823681
14.70660592480408
13.01830276326411
10.876731067386338
8.134940579549168
3.6641274527159
2.623778485141436
5.091759847559433
7.023425416874679
8.370741549150685
9.472995116762839
10.519752332957651
11.625119226054766
12.81876028440932
14.091847115675144
15.421821863206302
16.769210947465822
18.081735090439434
19.298941165919498
20.353986070411715
21.17632380148722
21.69814077946622
21.862697644203955
21.629643674133117
20.975268259807283
19.868003821771303
18.365325428116208
16.103296736135448
-2.0792462454374028
4.761426093960745
7.521848800539668
10.042308556068303
12.170769767618266
14.033231749055242
15.735979057666057
17.345651511502826
18.906022434544276
20.437453600122026
21.94003295388273
23.389276903206635
24.73090603053164
25.884028012531523
26.757772040174757
27.2792461722043
27.39187625310216
27.16566055989802
26.344119489429936
28.6506105570156
5.1226590569084784
10.410399452358163
13.858890908135326
16.57654302673195
18.822621417733295
20.79066191644172
22.617094197065303
24.386225770930537
26.163805779696375
27.973584504337953
29.777192955545658
31.47183296472409
32.930210943448806
34.07738776903807
35.019129486216066
35.87726888031874
16.128843331739564
19.80237015866074
22.44739503915867
24.719172681316135
26.77311607894386
28.76306671813724
30.86774748102851
33.19636925656512
35.76466134872437
38.41170734683376
41.13172238186668
43.23668509517436
58.73410239962821
27.3850671324294
29.81799258209724
31.753337582268173
33.812466803512706
36.22210835723806
39.27908550017592
43.27167376226532
48.01786756943869
54.44739601844781
38.44988519894457
40.31076395623297
42.54376992184295
46.80904034626675
52.834134414294425
100.37872485443911
60.5466850518157
50.549634332383725
59.01775329260496
-32.401777
-20.383675
-5.838444
-9.008803
-0.381816
0.0
10.833073
13.081737
22.047962
17.143996
15.234568
5.929107
0.0
-5.285782
-6.855972
-16.50067
-27.715559
-28.946512
-38.930448
-33.242912
-32.351196
-22.028024
-10.813135
-10.260655
0.0
0.401754
11.616643
11.829885
17.123275
6.034381
5.908387
0.0
-5.306502
-11.402743
88.872522
94.378517
97.646494
101.382473
109.23829
109.49499
98.674431
91.782657
86.76862
74.86281
73.356301
62.956999
54.929946
51.051189
39.145378
36.503591
27.239568
18.077236
15.333757
3.427947
0.0
-0.34912
-8.477864
-18.775475
