-36.700839
-7.370542
0.0
2.18461
11.055813
14.09042
25.996231
29.482168
37.902041
47.908524
49.807852
61.713662
66.334879
73.619473
84.761234
85.525283
-110.93215
-111.51738
-115.155975
-113.194695
-103.115378
-103.087355
-93.089542
-83.24073
-75.09727
-73.600758
-64.263678
-55.382896
-49.659854
-47.216589
-40.202532
-35.03965
-33.350929
-32.619116
-33.540016
72.39732754915634
36.686112454310596
36.543956908892746
38.68017299814439
48.34308270792507
34.007333232121916
24.511043086378894
24.90543813068697
25.731858176480763
27.434404720906123
30.35106027416907
33.10120248308289
43.590939412161106
15.092465860332043
15.478432967947823
15.870396867283448
16.51002996127971
17.376132171847352
18.513612106593907
19.904551038220532
21.39332238811207
23.251968704998006
24.33143794983793
36.53547853656001
6.429506378159972
6.339727210511066
7.4934201447199
8.240543370600026
8.888461303128853
9.492039498514506
10.13868427393606
10.86069251757863
11.640095539839669
12.418789965326285
13.113589652315751
13.65865618837962
14.32164870345159
14.240188661670986
30.27969924587367
-2.219692006977754
-0.37277242841183217
0.828465070388551
1.6987406963537206
2.301106557849037
2.7561878530581727
3.145962168583381
3.5281796548831403
3.928872299348841
4.340495896917596
4.727166823516234
5.034646126235516
5.215979647945103
5.2108362379074675
4.9977408680634605
4.674877759274349
3.706761673730881
-12.119689624700877
-7.239443703621146
-5.503997188156988
-4.4329961706244925
-3.7708308829293733
-3.359886953050743
-3.115512761296153
-2.9692061527083675
-2.8631458496547126
-2.756459065737077
-2.6289148320467164
-2.4817274867825665
-2.335025080199173
-2.222536687032751
-2.1847961391622803
-2.267866709413946
-2.51275281523845
-2.990579992801917
-3.724429870320052
-4.732859385903157
-5.923781082838561
-9.721598370417823
-9.605922060874441
-8.90586097789337
-8.396803724377321
-8.146152902057715
-8.093240671826052
-8.179731892431645
-8.353698889908786
-8.56658174295776
-8.775675979278208
-8.950061615264138
-9.073272984750416
-9.142094020371895
-9.165164781018369
-9.162985649425549
-9.164054753323553
-9.201826979708752
-9.322156076035624
-9.57617494698109
-9.996709841270112
-10.68002831667209
-11.788140601639244
-13.67790730299697
-17.33805560136341
-2.9695876197991997
-7.024836260735258
-9.052806646216514
-10.210634306450116
-10.890013604824318
-11.396022866465566
-11.893295228382392
-12.439575955744877
-13.037385530955493
-13.658561605127028
-14.261737197236355
-14.80845552510851
-15.273412872176898
-15.644851790254785
-15.916138318350196
-16.08185524123112
-16.15320527884812
-16.153911644591258
-16.092089504512387
-16.018887977364038
-16.02914132976128
-16.084573516178107
-16.29479344143042
-17.080148288838465
-18.242436462271524
-20.324408666907768
-0.9836406102042311
-4.552116055167043
-7.543721400845851
-9.987710942422051
-11.927843602719236
-13.481128991014549
-14.764969150334856
-15.912938203299015
-17.030976178345114
-18.154113439099824
-19.257147773864126
-20.286808568481
-21.19847535671588
-21.973091749622295
-22.613891997833715
-23.1188349507426
-23.442142606017423
-23.58055692259763
-23.62153758258167
-23.467682604134524
-23.105234637760475
-23.04867078012634
-22.896141629999935
-22.42051767857956
-24.3993062858932
2.810364144774017
0.7744155950945757
-2.105104147872873
-5.485462994180396
-8.775056592362239
-11.794860123753322
-14.499595614851374
-16.84446318843435
-18.75916197500441
-20.44002168093185
-22.099822697453874
-23.78217158896871
-25.432715064146425
-26.945995577222913
-28.262618047133152
-29.381038787468768
-30.343448580617675
-31.23018525948155
-31.84728438019239
-32.011318405036626
-32.379399371459314
-32.6457455331343
-31.720021630550157
-33.536648439017284
3.1083110816850406
-5.379510307739802
-10.476469923269175
-14.486391720516648
-18.16942896603024
-21.62504323629046
-23.87976094152345
-25.870174086654895
-28.048038052876336
-30.347572498144675
-32.682243900253084
-34.7582060093772
-36.524884214226894
-38.08714025158082
-39.42121134975048
-41.19263352896296
-43.13290600134308
-43.03046204199687
-45.94580736422894
-35.3408031378135
-34.97459460740606
-36.71768168821834
-39.19587390928424
-42.37983956598014
-45.01661103505364
-47.02427072139864
-49.81571285959979
-51.519657149301906
-56.972539100313384
-74.73014068198822
-65.75399211649211
-89.10546400239552
-37.557353
-32.435816
91.200388
93.066787
99.728044
98.118021
92.774333
81.391592
77.18438
70.008851
58.62611
56.250739
47.243369
35.860629
35.317098
24.477888
14.383457
13.095147
1.712406
0.0
-6.550183
-9.670335
-21.053075
-27.483824
88.872522
8.564238
10.903048
20.529755
20.602591
11.802511
5.201865
0.0
-0.103299
-12.00911
-13.22449
-23.91492
-25.796897
-21.627012
-9.721201
9.654814
12.113426
16.775627
16.99695
9.174959
6.828546
0.0
-3.339858
-13.508262
-23.676666
-33.84507
-44.013474
-45.999839
-54.181878
-64.350282
-74.518686
-84.68709
-92.817357
-96.771611
-99.3003
-106.361789
-108.435327
