-19.923511
-17.121827
-19.7324
-26.183549
-34.377157
-43.335892
-52.670772
-62.212707
-71.879284
-63.610596
-54.853335
-46.599022
-39.166942
-33.115401
-29.312288
-28.666892
-31.374689
94.378517
97.646494
101.382473
109.23829
109.49499
98.674431
91.782657
86.76862
74.86281
73.356301
62.956999
54.929946
51.051189
39.145378
36.503591
27.239568
18.077236
15.333757
3.427947
0.0
-0.34912
-8.477864
-18.775475
91.200388
93.066787
99.728044
98.118021
92.774333
81.391592
77.18438
70.008851
58.62611
56.250739
47.243369
35.860629
35.317098
24.477888
14.383457
13.095147
1.712406
0.0
-6.550183
-9.670335
-21.053075
-27.483824
2.459467167415906
15.64718915145112
9.440312849477687
4.1835726791375
23.17542691699596
16.469849642564903
10.387993848626586
3.9520650241657296
40.6645001804675
29.97646112695386
23.092302851569528
16.543331888471076
10.039349775745862
2.661420096413553
44.58171920655292
36.43302885792104
29.227484900908077
22.565470199483304
16.021806823918052
9.1090515231267
0.8365335435960227
62.77969140965711
49.943056596791166
42.07035616625278
34.91383173350477
28.30953822707187
21.861149367624353
15.244059963358554
7.961194955195373
-1.147813733863754
63.19839878432819
54.67279057649743
46.97553276219142
40.121455701889474
33.67953831686543
27.416085324470018
21.106734222457035
14.446408499534723
6.893637775769319
-2.9282689931091332
72.69895286331456
65.03136354014097
58.24121674855438
51.40273373269419
44.94167387587362
38.719823392882994
32.65137978496363
26.61143675732553
20.422990514911103
13.796137727310912
6.167244848700407
-4.002394852930682
76.48223742404883
68.09441994549391
62.68825655133332
56.26183545917417
49.9580362609342
43.79093705031188
37.7704719460379
31.851388528283202
25.93479236459247
19.863239356452357
13.365933832521739
5.916031061171166
-3.866008249395903
68.79843833763717
57.201478967431584
50.23077026009177
43.4878134474578
37.26325845617195
31.267566150525955
25.36712567535881
19.398635430950556
13.107968792192692
6.031808439352607
-2.9853138517319007
53.108001169457566
44.02560346085674
37.249971234498226
30.83674510470643
24.825239241264153
18.917506798842084
12.870449638166447
6.269307052640516
-1.8741026897113802
37.84685000477655
30.44778542262231
24.196929526005484
18.219334767277104
12.418502925688987
6.344363575105926
-0.8993205776829197
23.1736871658441
16.949968113887753
11.408670307321014
5.908955741399
-0.40137357152478215
14.11599265969436
9.01689330572989
4.383051300688613
-0.7946447245173386
-1.2427997754390585
-2.9256072283263395
-20.383675
88.872522
-32.435816
