-130.874883
-126.124457
-122.010336
-118.598759
-115.951754
-114.122534
-113.150768
-113.058568
-113.848072
-111.161348
-100.292389
-96.552751
-86.384346
-76.215942
-66.891103
-66.047538
-55.879134
-45.71073
-35.542326
-25.373922
-15.205518
-11.716305
-5.037114
0.0
5.13129
-122.617103
-121.692851
-110.711292
-103.266496
-98.805482
-86.899671
-84.840141
-74.993861
-66.413785
-63.08805
-51.182239
-47.98743
-39.276429
-29.561075
-27.370618
-15.464808
-11.13472
-3.558997
0.0
7.291636
8.346813
-85.00793358398893
-80.72057244391505
-76.2119375077573
-71.34997712884244
-84.70838835775247
-79.02952461129826
-74.03507788388306
-69.0421839481402
-63.996153216861366
-58.39273301939378
-52.10070137193026
-45.08587371869813
-36.670401093779304
-22.902365084755957
-85.19884062006342
-79.19102470217456
-74.04240805732589
-69.08570077233311
-64.063242026922
-58.73052802713994
-52.92620822071401
-46.576736343371685
-39.51533558927698
-31.50887816706821
-22.415724520000932
-85.99709357402054
-79.96261095348797
-74.77495685873266
-69.80622412456968
-64.76930839805381
-59.45103975033416
-53.676712558840265
-47.225221867157124
-40.08218538549128
-28.94059655993769
-87.10631160183479
-81.1467928866297
-76.01297360336844
-71.07047716744147
-66.0133192684654
-60.58694704089515
-54.58621629342742
-47.58582888802874
-88.57305266485511
-82.76507336872032
-77.78736235897708
-72.94328991477282
-67.86736602786785
-62.35774496823642
-54.35910220054791
-90.48061965081398
-84.9763022118308
-80.3114362426926
-75.77719942361513
-70.67815850838373
-93.01570218335051
-88.22098987019156
-84.17944401076048
-82.35636015510069
-96.84965922931727
-93.83354181526056
-115.45724541101448
-103.20914
-134.522913
11.659729
