-127.09188
-133.086934
-139.541814
-146.395709
-153.595213
-148.292968
-142.020942
-136.195049
11.918488
-118.956354
-110.878216
-107.882443
-103.257154
-96.201856
-89.761128
-87.970912
-82.25776
-75.500427
-69.706427
-69.308366
-65.133352
-3.003132775951426
-8.137023905917724
-26.674890676894357
-25.46217649379264
-17.368453487266052
-37.12804271763593
-39.409979132695135
-36.61486348872856
-33.67230655932986
-27.755378256326978
-52.525179378559315
-49.42810284601257
-46.63023664364858
-43.76584710377452
-40.71496761605883
-36.085537200631656
-66.12119990670551
-62.241127621218176
-58.67756679022672
-55.525735771571085
-52.59338405285144
-49.784677010293095
-46.90271957721605
-43.104786446344924
-75.73254041116108
-70.97935628221082
-67.13330707606536
-63.733461532398266
-60.68138277078451
-57.85208674194061
-55.165011702729075
-52.49750294766553
-49.39749465201983
-91.55502568303623
-83.7959152809073
-79.03468129451933
-74.96886407397955
-71.45372460100668
-68.3017740889927
-65.40186937243121
-62.67266302435769
-60.093071158170474
-57.63046717308658
-55.0964365265135
-97.31766847501734
-91.2824066965225
-86.4218442905781
-82.37761751217742
-78.85402891758831
-75.65824745847914
-72.713124245929
-69.95507012060584
-67.2394749053484
-64.64803550326538
-62.371275242832326
-60.13433182601192
-104.20805946737215
-98.18483987048823
-93.4407648245106
-89.54302316355556
-86.13324546359928
-83.0470955710255
-80.07402092376732
-77.25118313313
-74.78090659692194
-71.92151403318769
-69.17245574271871
-68.77172868354774
-105.8506662267692
-100.66457172459866
-96.86673653617297
-93.66030007538637
-90.69899078152247
-88.20083953693266
-85.3773914217358
-82.69987559193734
-84.04436324794023
-109.9291319012268
-105.59728296185898
-102.38339513746857
-100.08027507772172
-97.25802190661923
-98.79204806410465
-126.470967
-62.507553
11.714731
1.671834
0.0
-8.371063
-18.41396
-28.456857
-38.499754
-48.542651
-58.585548
12.113426
11.659729
-122.617103
-121.692851
-110.711292
-103.266496
-98.805482
-86.899671
-84.840141
-74.993861
-66.413785
-63.08805
-51.182239
-47.98743
-39.276429
-29.561075
-27.370618
-15.464808
-11.13472
-3.558997
0.0
7.291636
8.346813
-134.522913
