-96.639268
-96.363753
-97.12259
-98.891971
-101.619125
-105.229612
-109.147618
-112.574368
-116.759472
-121.624669
-79.4713094690982
-89.54889531800153
-88.03853059936088
-86.29665471778296
-85.42626797089403
-102.78591130706506
-99.14847856859716
-96.23185415086606
-94.01575808807793
-92.1517655914932
-90.61982178518458
-89.50212856595725
-88.731051562996
-96.748557
-126.470967
-68.628445
-78.671342
-82.95156
-88.714239
-62.507553
-118.956354
-110.878216
-107.882443
-103.257154
-96.201856
-89.761128
-87.970912
-82.25776
-75.500427
-69.706427
-69.308366
-65.133352
