-116.662657
-126.38337
-136.144543
-145.938059
-155.757817
-163.629343
-162.187082
-161.352835
-161.136045
-161.539199
-162.557684
-164.180049
-166.38863
-169.160468
-172.468408
-176.282272
-180.570006
-178.432177
-170.506161
-162.808661
-155.373644
-148.240609
-141.455249
-135.069969
-129.144127
-123.743746
-118.940421
-114.809115
-111.424602
-108.856562
-107.163708
-103.434397
-100.227237
-97.940409
-113.894265
-121.810386
-122.336587
-116.356511
-116.086664
-110.98751
-106.3222
-102.456751
-99.484443
-97.487003
-96.899603
-96.524971
-96.629277
-97.796509
-99.98945
-103.142697
-106.730826
-68.628445
-78.671342
-82.95156
-88.714239
-106.63377802413956
-109.5776053795184
-112.08138689855373
-114.77927917706067
-116.68372302422544
-116.19600465707329
-93.35356330965051
-100.83135593312491
-104.83453769532184
-107.89186961343879
-110.4867148353627
-112.62964186065646
-114.34322686451712
-115.38871666814691
-115.636929868287
-115.2185313630301
-114.26949116301249
-112.80689408543292
-110.48686347763856
-105.06654115167659
-80.10229945316598
-91.08495940229842
-95.70325503770196
-99.5708552297634
-103.49670016842393
-106.75716582275282
-109.49073938326396
-111.83353196472326
-113.79686096673326
-115.34512492818915
-116.4070658879401
-116.96027536863457
-117.06993536954072
-116.81521029805249
-116.25870809144163
-115.42679735308353
-114.34164637917543
-113.83753695830099
-113.82986601249337
-113.65010222650591
-113.27424512888183
-112.11443007543726
-71.87063141824758
-84.83824445013678
-88.88856911662256
-92.19429485331845
-96.21192339136721
-99.73711256191385
-102.9699462745509
-106.06762452525224
-108.90639523537594
-111.43485231293086
-113.65551140131677
-115.55220561806956
-117.08995268483048
-118.23469668788839
-118.98261135682138
-119.36897715684651
-119.44655188557492
-119.2730034444663
-118.9191964036351
-118.52102803415265
-118.31260186806897
-118.33869695696481
-118.48208119924105
-118.71151462454122
-118.95073530893421
-65.85186259298938
-82.52154115292987
-85.98353281224877
-88.19319456365702
-91.3431378140503
-94.25087372797326
-97.08405615303788
-100.06970695772263
-103.04145998923292
-105.92294438468053
-108.7042637315933
-111.33767669684461
-113.77316198221467
-115.97345009665617
-117.89987537385839
-119.50974160146265
-120.76782680396055
-121.66337369578234
-122.21852925736019
-122.48186875861337
-122.5188109096919
-122.41091691031416
-122.26254589812471
-122.18182643520625
-122.2213132708269
-122.38519316405149
-122.69576792386621
-123.23227397516455
-79.1901290616218
-85.68406867530443
-88.67205767923441
-91.12922078472049
-93.34125596008904
-95.71592425438976
-98.19699454440831
-100.7496419480748
-103.3971293154931
-106.10163345404831
-108.81239328575711
-111.48950230532753
-114.08888632455535
-116.56193236274785
-118.85811843843568
-120.9217097964192
-122.6904839692609
-124.10417291213611
-125.12735212473672
-125.77471302453735
-126.10976381008324
-126.2189220736434
-126.19216280384501
-126.1162930769446
-126.06575346958627
-126.09202774716286
-126.23747261090617
-126.5887210196202
-127.41416940511706
-82.37782589417665
-90.3049830951735
-92.74818535430597
-94.93238806732128
-97.05153402165632
-99.22634568572418
-101.50895181392652
-103.91634296345443
-106.45091693913346
-109.0926426293263
-111.80681225578272
-114.55347647141295
-117.288005200049
-119.95992752056856
-122.51089897637064
-124.8692461456953
-126.94097908734591
-128.60488462840289
-129.75440050888923
-130.3975947941183
-130.66237991144348
-130.69255391448698
-130.600577017346
-130.47115691370098
-130.3669987758085
-130.3335385408011
-130.4164675801231
-130.7232666072224
-131.67487559970115
-93.91726690277912
-96.07164201608059
-98.14157655742018
-100.23100581096803
-102.31024296987252
-104.51708734495547
-106.91857887274743
-109.52330073584457
-112.31352668403646
-115.25734462658838
-118.31491091772156
-121.44059777682419
-124.58231694109267
-127.6779381231687
-130.64586543942522
-133.36023139689223
-135.57692418712026
-136.88408225970153
-137.26647696011457
-137.17262902701478
-136.87583337271906
-136.51552252104798
-136.1763970978751
-135.91346132220838
-135.7618462753696
-135.7473103546704
-135.9208239218813
-136.59026214561038
-107.17152
-96.748557
-62.051732
-60.729729
-60.689188
-61.160721
-61.125428
-59.359234
-59.03719
-58.814605
-60.478277
-62.376873
-63.881001
-68.7651
-74.84111
-77.960965
-81.844002
-89.556607
-97.811182
-100.422269
-105.214626
-107.590342
-62.507553
-108.435327
