-140.758113
-135.103095
-129.972483
-125.430644
-121.543599
-117.761108
-113.067229
-109.090412
-105.911462
-103.603849
-98.847736
-104.61614
-110.987381
-117.863737
-125.161985
-132.812592
-60.328526
-49.577343
-48.945786
-37.563045
-28.643702
-26.180304
-14.797563
-7.710062
-3.414822
0.0
7.967919
13.223579
16.131193
5.623444
-98.07618563040359
-94.50677792122825
-91.78512696998435
-89.28657578814739
-86.88142303647358
-84.55299169097574
-82.41513913626976
-80.64954548208857
-79.75381124532356
-86.17556070467805
-93.08456732485199
-88.60487886349354
-85.5153128186239
-82.90096854722891
-80.51283036704311
-78.2945161077067
-76.28873496090283
-74.63001328590259
-73.63773908281124
-75.75036411183365
-88.87690826514577
-84.09388813968478
-80.68036372589656
-77.85132643290372
-75.34149901137076
-73.06207372027028
-71.01300215583193
-69.26310172285757
-67.9774265568173
-68.03794370821687
-84.88187033160574
-80.0555844688794
-76.42458890837962
-73.3749195477437
-70.68382647784874
-68.2581347175155
-66.06941810792691
-64.13098272584871
-62.49268506379687
-61.3075019551423
-81.10890499137273
-76.29237593671293
-72.47224851642018
-69.19181706130236
-66.28167373278778
-63.65836310805831
-61.275330517980315
-59.10218858661677
-57.09884972315032
-55.043239292235455
-77.84224754672442
-72.8363168896811
-68.74088539994437
-65.1683954571981
-61.99020410297871
-59.12956739965541
-56.52091638105025
-54.09696286013507
-51.74543113325107
-49.0374258078471
-75.8461321627832
-69.80101793923205
-65.24396555231408
-61.19604033956856
-57.68183151412077
-54.5485919462917
-51.69885858616122
-49.031126475447905
-46.36929703917097
-43.16557874704495
-61.82039184487152
-56.999464030876425
-53.183336514916476
-49.732006015314425
-46.654249637948375
-43.78046465181992
-40.87070496794527
-37.29135304153875
-50.003093079840134
-48.042245206513165
-44.20949727373538
-41.11495899470791
-38.10683188438018
-35.10415303349003
-31.186407603588872
-33.976961864738996
-34.444086277153986
-31.2874839595229
-28.8694373540975
-24.79673734297087
-19.24690525733647
-21.430288443410927
-19.339755647304276
-11.287975148058369
-3.286340760940337
-102.25087
-94.476749
-91.444625
-83.094008
-71.711267
-70.510984
4.290568
-99.36304
-92.207973
-82.165076
-72.122179
-62.079282
-52.036385
-41.993488
-31.950591
-21.907694
-11.864797
-1.8219
0.0
8.220997
8.946199
13.63165
