46.64239169735208
34.22357277655362
23.102271685203604
13.815771187836326
5.88606280348688
0.979461108988346
0.9476719734564291
0.0
-10.574704568129334
-19.75303003073825
-33.59933231263694
-33.71441525618485
47.36321522718844
-1.9089151985888775
-4.055728874992823
-15.216373067095287
-9.798013700274666
-13.561498765097419
-16.65048231277132
-26.39616433784389
-30.561422874971107
-33.110343621235025
-1.8674470874414608
-1.0457442810510769
-0.4855779246431098
0.0
15.585114601845646
25.19163912500717
31.04110837861231
43.51760775226166
48.430395140435444
56.371003169754474
69.75355423939831
71.58298687544494
70.61956199578799
71.42082178519752
71.47751671720195
72.02965031293932
61.569052861156024
50.221721831870184
