39.91924425156034
38.44197614497577
28.0195737441262
18.678222286497913
9.93522025576989
7.913427760800232
0.0
-0.3832919606197436
-0.1756921865258505
0.0
1.094688780876254
0.7710252268746274
0.0
-4.002102321998763
-7.31293261443055
-7.348603197221394
0.0
0.0
-1.1764202851967696
-15.156108646722595
-30.189369237299054
97.66297278924684
94.77543987083482
80.55229291025114
64.77159709392603
63.52106692709435
46.65639473145386
35.337899184302
30.238212802783853
14.131960226678968
8.992026229722725
108.85935359014542
8.237087452703342
15.118511704814676
15.46552833607649
9.19229033148838
9.964884203222027
11.8901120067543
10.976668197804148
3.7359586048042956
0.5702131948318083
0.0
-2.2749313292775613
-1.1363094531410525
-5.69304711234679
-9.330651252165117
-14.346007573603405
-14.256195241077718
-17.00722784235326
-20.9736206717331
-24.49085161621899
-30.182596019357
-34.32697429861638
47.36321522718844
85.31615202857053
71.82049812483177
66.14502066837845
58.89301726323006
87.09402931572204
90.55406446496795
93.42557324985948
101.64787793765335
104.91570928760872
111.86870005907623
123.64433257551167
125.21869054739523
130.6993178050991
117.52558870257381
116.28402357902907
