100.85641322516558
101.86159511010567
106.4189103798641
108.8172941745928
113.44523126039029
121.53213685137575
122.73957739030058
127.95620178604513
132.31550514270717
132.78976083348587
10.11160729548983
19.811927940341885
33.77478281178659
37.548355765857444
48.29318035001212
60.86729479116004
71.97798828995857
84.18442807387507
97.15624772475516
109.71962509465337
120.3697661831803
122.36742151222184
98.56621640635264
90.4968993315401
84.82991371626919
83.88811038583343
79.43066207832693
75.79407026287421
69.10666387716262
68.78413852268936
62.66854483280774
54.876036479371045
46.54338844215635
44.522374734983764
38.63903258479342
31.214737943291055
24.781025046555555
20.554033833527306
15.590035387203383
7.377741536308747
133.37127797945752
98.29896601958487
9.079955001096053
