-84.36014962200058
-80.25979593947596
-78.54978050340726
-77.36755299981841
-76.61358842985238
-76.29238740658428
136.2822769380094
138.73133211654837
139.83990532802824
131.99901552701053
124.93934312074441
114.81759023058801
102.57692886380471
93.67966943906745
90.07267555787651
77.25006823724163
69.79575808402187
62.12986976762605
48.39384198488638
45.06994339944865
37.57694112062331
20.884632219632543
19.935559713124643
6.320419880746718
8.534312444235525
2.3671445135905174
0.5612163288236047
0.0
-9.343275480816649
-16.96467672563629
-30.09114256324608
-31.0843943698608
-46.23932459240795
-60.5312570617995
-75.29577382498631
108.85935359014542
-76.29345492976684
-84.80347077801761
-83.89354037531434
-70.60542115042712
-57.18203757816923
-50.93402215769495
-44.48473398713458
-31.274111317822758
-20.259885649640015
-17.53435726735219
-12.17954299811263
-5.792010828661148
0.0
4.82062386506875
133.37127797945752
10.11160729548983
19.811927940341885
33.77478281178659
37.548355765857444
48.29318035001212
60.86729479116004
71.97798828995857
84.18442807387507
97.15624772475516
109.71962509465337
120.3697661831803
122.36742151222184
9.079955001096053
