-89.79679915704664
-98.33979668742143
-108.29573438596641
-118.41870118185695
-128.5350774681107
-139.53330602357457
-151.2210991892461
-162.48264715087515
-174.12624969208042
-184.49957712491045
-194.76025150320916
-205.60403004784658
-216.94349213156477
-228.38501639530134
-238.6840114336878
-248.8633800383499
-259.2871035002544
-270.07423361531306
-281.1343516010138
-292.4466739759264
-303.57730191803563
-302.89450874725185
-292.7858163525726
-283.016844476159
-273.7216364433809
-264.20833210801993
-253.82343795818917
-243.09437644006792
-230.95932465964782
-219.1792495600251
-205.97102380568293
-191.58438174837465
-177.2994303776882
-163.1428842904233
-149.15131034269925
-135.37586956060497
-121.88986316193679
-108.8009716132233
-96.27130468798667
-84.54984795180243
-72.84038916787323
-61.74459166526101
-52.130963779683235
-45.195546070366774
63.276697929844126
65.44686371620574
65.93881153699382
71.82118021484192
79.96156173539588
81.41812508531727
93.24793575676206
-85.69166648341537
-71.4935813748903
-57.792539904783574
-45.04438216676698
-37.43428589194615
-33.55541781731172
-19.68955401512451
-9.89282488137737
0.0
4.431925444235503
-28.170132883957187
-13.24721893409291
0.0
0.22424119275319754
7.881421247567995
6.985339785279581
9.050069849091193
19.98117796635466
19.863078593582998
25.627555514196786
33.280338338116685
42.64153458332739
53.08429178133694
58.86851154855906
-86.64994943527806
-43.19771961864671
63.51961475214372
9.079955001096053
98.56621640635264
90.4968993315401
84.82991371626919
83.88811038583343
79.43066207832693
75.79407026287421
69.10666387716262
68.78413852268936
62.66854483280774
54.876036479371045
46.54338844215635
44.522374734983764
38.63903258479342
31.214737943291055
24.781025046555555
20.554033833527306
15.590035387203383
7.377741536308747
98.29896601958487
