-127.16776265007852
-118.21786572999527
-109.3251082898817
-101.86745948827014
-96.09552788724469
-91.83218775605825
-87.86377645192763
-83.89354037531434
-70.60542115042712
-57.18203757816923
-50.93402215769495
-44.48473398713458
-31.274111317822758
-20.259885649640015
-17.53435726735219
-12.17954299811263
-5.792010828661148
0.0
0.0
-10.478414514539226
-12.979185547203228
-26.526602868479337
-36.571853218092336
-42.52096472737175
-58.82354911450855
-65.76868949490479
-75.5208077268608
-92.39903297329217
-95.86005325152071
-109.37443084729522
-126.24940289131104
-126.40788235903028
-84.80347077801761
4.82062386506875
-127.5449693949244
