135.23701813162546
125.945700166225
112.36407985838377
99.19443769318853
104.47287197604125
106.23540107117023
110.04638303336014
100.36073815960569
87.02434178482892
74.11394915959198
74.75989278898517
78.35579071989481
79.61415904947478
86.10782501792583
103.1530403202741
99.19040543051086
97.935643050707
97.62334171203442
72.02965031293932
87.09402931572204
104.02625921864244
100.85641322516558
101.86159511010567
106.4189103798641
108.8172941745928
113.44523126039029
121.53213685137575
122.73957739030058
127.95620178604513
132.31550514270717
132.78976083348587
133.37127797945752
98.29896601958487
