-97.82422196043763
-104.61658959844202
-113.00302312882044
-122.65698371188087
-133.3033685633656
-144.72332392321692
-156.74786411440587
-167.33423749780542
-165.30501214110825
-164.62304528519678
-165.30501214110825
-167.33423749780542
-170.66267031478193
-173.88716755117943
-159.75936805213036
-145.80591319236729
-87.21708449609005
-38.78601760883924
-50.29603729593758
-63.32463517880709
-77.10583380162926
-90.52057160331246
-103.95848476378335
-117.57515837244785
-118.94300236792402
-121.67026030539043
-120.79187597318827
-120.7439081578394
-121.38682828519677
-123.87660962654465
-128.10561887550145
-133.90916931187297
-93.20729156745969
-139.05376666236592
-48.24959202022304
-63.14670423117219
-78.14963720189226
-33.71441525618485
