-64.28859642276535
-61.75489523362786
-50.605907782416274
-44.88969456003205
-40.329172052145125
-31.941793505965936
-28.70787723048019
-21.31389300133838
-11.37188217038408
-11.007804014339927
-5.642315027258007
0.0
12.577210361748856
15.276072077002828
32.101701951363744
42.20262683247088
49.22721370988179
65.72843709471307
64.36174246051556
-74.80142738217297
63.51961475214372
65.84800031309274
75.23851308012807
83.63402505176438
86.2561721450081
98.35568826531755
104.02625921864244
-0.41953517819416675
0.0
15.836118307228583
31.540221487026145
34.2368722628096
47.24600294370994
61.989550655074744
76.6883081270597
82.54976614869797
91.72178100462224
-7.142308102302539
-60.1934190550134
-45.11672752645538
-30.04617125170846
-15.000251050240383
0.0
0.1497970025733366
2.3498249374378877
4.781857912932054
10.136805559733602
7.801126793924539
2.2898645775369744
1.8548886866940961
0.0
-1.4333468396998796
-6.578177041617465
-6.939207858919588
