97.66297278924684
94.77543987083482
80.55229291025114
64.77159709392603
63.52106692709435
46.65639473145386
35.337899184302
30.238212802783853
14.131960226678968
8.992026229722725
108.85935359014542
102.57692886380471
93.67966943906745
90.07267555787651
77.25006823724163
69.79575808402187
62.12986976762605
48.39384198488638
45.06994339944865
37.57694112062331
20.884632219632543
19.935559713124643
6.320419880746718
4.82062386506875
1.075383484991562
2.369775705315419
7.758592498581477
4.460946438069527
9.839201230288893
9.440326590395232
9.26373615303146
