-132.08206904536377
-118.66752548506409
-105.68013174761107
-93.29843989926376
-139.05376666236592
-86.90841845784095
-38.78601760883924
-50.29603729593758
-63.32463517880709
-77.10583380162926
-90.52057160331246
-103.95848476378335
-117.57515837244785
-118.94300236792402
-121.67026030539043
-120.79187597318827
-120.7439081578394
-121.38682828519677
-123.87660962654465
-128.10561887550145
-133.90916931187297
-33.71441525618485
46.64239169735208
34.22357277655362
23.102271685203604
13.815771187836326
5.88606280348688
0.979461108988346
0.9476719734564291
0.0
-10.574704568129334
-19.75303003073825
-33.59933231263694
47.36321522718844
39.91924425156034
38.44197614497577
28.0195737441262
18.678222286497913
9.93522025576989
7.913427760800232
0.0
-0.3832919606197436
-0.1756921865258505
0.0
1.094688780876254
0.7710252268746274
0.0
-4.002102321998763
-7.31293261443055
-7.348603197221394
0.0
0.0
-1.1764202851967696
-15.156108646722595
-30.189369237299054
-34.32697429861638
-40.68251083578655
-52.36929085766504
-56.909678322009704
-65.83408755094393
-80.18829066514529
