-42.63375874349628
-45.195546070366774
-52.130963779683235
-61.989010192119096
-73.41660907215957
-84.95473373239881
-94.23250679270646
-90.9232477303951
-64.28859642276535
-61.75489523362786
-50.605907782416274
-44.88969456003205
-40.329172052145125
-31.941793505965936
-28.70787723048019
-21.31389300133838
-11.37188217038408
-11.007804014339927
-5.642315027258007
0.0
12.577210361748856
15.276072077002828
32.101701951363744
42.20262683247088
49.22721370988179
65.72843709471307
64.36174246051556
-90.35292132890997
-43.19771961864671
-28.170132883957187
-13.24721893409291
0.0
0.22424119275319754
7.881421247567995
6.985339785279581
9.050069849091193
19.98117796635466
19.863078593582998
25.627555514196786
33.280338338116685
42.64153458332739
53.08429178133694
58.86851154855906
63.51961475214372
-74.80142738217297
-75.27255917500271
