-127.58678519650569
-117.48781961028676
-108.52828090769376
-100.90566643150954
-94.41846311270213
-89.40750377148383
-85.54941104793122
-81.08110273125972
-78.74259181219114
-78.04830720607546
-79.47665228061592
-80.68507520261743
-82.21790800331898
-91.31386481342953
-95.00660543924346
-100.8180948392246
-108.40812431240421
-117.43234046401564
-60.1934190550134
-45.11672752645538
-30.04617125170846
-15.000251050240383
0.0
0.1497970025733366
2.3498249374378877
4.781857912932054
10.136805559733602
7.801126793924539
2.2898645775369744
1.8548886866940961
0.0
-1.4333468396998796
-6.578177041617465
-6.939207858919588
-82.8387925190988
-90.00362863706765
-89.34408024433998
-75.24635744758524
-74.80142738217297
-7.142308102302539
-68.53564191371372
-58.53245544094323
-54.889935634075165
-40.86739573795265
-25.288757946814005
-10.624464858919595
-9.89988259899287
