-1.0457442810510769
-0.4855779246431098
0.0
15.585114601845646
25.19163912500717
31.04110837861231
43.51760775226166
48.430395140435444
56.371003169754474
69.75355423939831
71.58298687544494
70.61956199578799
71.42082178519752
71.47751671720195
-0.41953517819416675
0.0
15.836118307228583
31.540221487026145
34.2368722628096
47.24600294370994
61.989550655074744
76.6883081270597
82.54976614869797
91.72178100462224
-17.10568009236226
-13.423620758496204
-12.599004083323655
-1.5300606121750917
-1.8674470874414608
-7.142308102302539
104.02625921864244
104.47287197604125
106.23540107117023
110.04638303336014
100.36073815960569
87.02434178482892
74.11394915959198
72.02965031293932
