-51.66644219458294
-49.441088671733155
-49.77881490435012
-52.891307911407544
-53.336114724711216
-54.48523149471071
-55.69264445314104
-57.677297493762495
-59.89629631208895
-59.15483148474357
-60.994676294284815
-63.997196493828824
-69.9902689099907
-73.66936126891058
-75.68921012632744
-80.50179047279282
-86.70261274654983
-92.36736904329605
8.237087452703342
15.118511704814676
15.46552833607649
9.19229033148838
9.964884203222027
11.8901120067543
10.976668197804148
3.7359586048042956
0.5702131948318083
0.0
-2.2749313292775613
-1.1363094531410525
-5.69304711234679
-9.330651252165117
-14.346007573603405
-14.256195241077718
-17.00722784235326
-20.9736206717331
-24.49085161621899
-30.182596019357
-43.80920936434333
-34.32697429861638
-54.15669437999647
-96.56594650748968
8.992026229722725
7.336338153031477
3.0451693007159975
0.0
-15.073033941472495
-18.477346591752788
-32.208787221423236
-48.6972078888207
-49.42928235762625
-66.66887031928759
-79.00541210317671
-83.91580607575133
