-99.98059147095853
-105.96103464382854
-111.14288489503335
-118.01585004901094
-126.30416011672234
-135.74881532739295
-145.8702909742434
-155.84935507184667
-165.69533233893887
-166.33082444006402
-157.94505328571296
-146.8728697119611
-136.55269992726875
7.336338153031477
3.0451693007159975
0.0
-15.073033941472495
-18.477346591752788
-32.208787221423236
-48.6972078888207
-49.42928235762625
-66.66887031928759
-79.00541210317671
-83.91580607575133
1.075383484991562
2.369775705315419
7.758592498581477
4.460946438069527
9.839201230288893
9.440326590395232
9.26373615303146
-96.56594650748968
8.992026229722725
4.82062386506875
0.0
-10.478414514539226
-12.979185547203228
-26.526602868479337
-36.571853218092336
-42.52096472737175
-58.82354911450855
-65.76868949490479
-75.5208077268608
-92.39903297329217
-95.86005325152071
-109.37443084729522
-126.24940289131104
-126.40788235903028
-127.5449693949244
