-76.05061162302455
-73.48630227796154
-73.13930455022664
-74.12249387499283
-75.62502296362196
-76.70823870027466
-78.16107653108621
-79.8605575424742
-82.12390410629115
-86.9537957786995
-92.9759430450753
-48.24959202022304
-63.14670423117219
-78.14963720189226
-1.9089151985888775
-4.055728874992823
-15.216373067095287
-9.798013700274666
-13.561498765097419
-16.65048231277132
-26.39616433784389
-30.561422874971107
-33.110343621235025
-33.71441525618485
-93.20729156745969
-78.50342335710371
-61.79688064360777
-57.473997670707725
-45.45244279445374
-29.513351593168057
-28.701302186023213
-12.96455799735777
-1.8674470874414608
-87.21708449609005
