-84.36014962200058
-80.25979593947596
-78.54978050340726
-77.36755299981841
-76.61358842985238
-76.29238740658428
136.2822769380094
138.73133211654837
139.83990532802824
131.99901552701053
124.93934312074441
114.81759023058801
102.57692886380471
93.67966943906745
90.07267555787651
77.25006823724163
69.79575808402187
62.12986976762605
48.39384198488638
45.06994339944865
37.57694112062331
20.884632219632543
19.935559713124643
6.320419880746718
8.534312444235525
2.3671445135905174
0.5612163288236047
0.0
-9.343275480816649
-16.96467672563629
-30.09114256324608
-31.0843943698608
-46.23932459240795
-60.5312570617995
-75.29577382498631
92.37136864087014
88.17281617987561
78.69863730390654
80.78864263348294
91.40266980780035
72.9208891082148
68.28393142544168
68.94998310812689
71.58735829063572
75.6768786741131
62.2494440307993
59.47703658679079
59.597703845423105
60.842226601149086
63.02930573505758
71.84724527952001
53.27969517868452
51.496418621361144
51.42434839334036
52.07584661120057
53.23603160980218
54.95055316305825
45.18314671057798
44.07239760209257
43.97480503327135
44.306923046631034
44.90446062776972
45.95559289497939
48.942619324186545
37.668328707700496
37.10371966607616
37.04242888626203
37.19114644449293
37.43258224678264
37.73361564833555
38.0259835253424
32.93624831935791
30.772777240013927
30.51351150940428
30.499189139794403
30.53523432407618
30.531425541788057
30.432230276320755
30.277150422547194
30.290417650221432
22.699775401312657
23.960509881680082
24.16274796898515
24.24320017501267
24.21669717005355
24.044668275545103
23.67769545210321
23.04313534617001
21.91227752612702
15.932387732934247
17.5432185648469
18.047559519157815
18.215037200592164
18.1452005689229
17.84688386884095
17.286180499578244
16.390004046154594
15.027312335781183
12.700537624586264
10.61669293079649
11.598995533954986
12.189731451233992
12.364183515448472
12.23553207944079
11.828025067464642
11.116926747726632
10.039094712664973
8.473007847273754
6.016738177424771
5.907323410740924
6.467626633741403
6.574981266120914
6.377271623747814
5.867108775097731
5.014854586675114
3.75344948211048
1.836609591837728
-2.113101075779346
-0.05120583678393492
0.4983756229020426
0.6423813970642042
0.43072059703861537
-0.17227923015476726
-1.1931242413216177
-2.675245365575353
-4.872297435979135
-8.081999200900125
-6.223871677869077
-5.628561721181306
-5.744358399863637
-6.430451876055256
-7.70810397614745
-9.686648535432171
-12.681063270312949
-13.580151031148677
-12.332380543091869
-12.298498041301016
-13.052069882506546
-14.662160289453201
-17.716367194569344
-26.404502048744412
-21.620828432305284
-19.803297309921387
-19.521903931524516
-20.29782648860674
-22.20245839825007
-25.889446665169537
-33.277054067046976
-29.024700094461497
-28.18022761101648
-28.94940066392733
-31.33286981927924
-36.53724621904548
-66.71872095978462
-56.54473031910047
-56.81502859942599
-57.81220001787936
-59.58396112119603
-68.94368235678496
108.85935359014542
-76.29345492976684
-84.80347077801761
-83.89354037531434
-70.60542115042712
-57.18203757816923
-50.93402215769495
-44.48473398713458
-31.274111317822758
-20.259885649640015
-17.53435726735219
-12.17954299811263
-5.792010828661148
0.0
4.82062386506875
133.37127797945752
10.11160729548983
19.811927940341885
33.77478281178659
37.548355765857444
48.29318035001212
60.86729479116004
71.97798828995857
84.18442807387507
97.15624772475516
109.71962509465337
120.3697661831803
122.36742151222184
9.079955001096053
