-127.16776265007852
-118.21786572999527
-109.3251082898817
-101.86745948827014
-96.09552788724469
-91.83218775605825
-87.86377645192763
-83.89354037531434
-70.60542115042712
-57.18203757816923
-50.93402215769495
-44.48473398713458
-31.274111317822758
-20.259885649640015
-17.53435726735219
-12.17954299811263
-5.792010828661148
0.0
0.0
-10.478414514539226
-12.979185547203228
-26.526602868479337
-36.571853218092336
-42.52096472737175
-58.82354911450855
-65.76868949490479
-75.5208077268608
-92.39903297329217
-95.86005325152071
-109.37443084729522
-126.24940289131104
-126.40788235903028
-18.099075453805295
-34.87840580830365
-32.932326086261874
-43.53133058562211
-46.08654826252887
-47.596692997773665
-51.913859626106735
-56.04186552936887
-56.00243466197175
-59.438291258099156
-63.42465499335094
-68.68975891943566
-59.7431103106354
-62.986368360795666
-66.28284874053435
-70.25246097110919
-75.6321781407141
-68.42994010471593
-70.10610852960211
-73.12989093518993
-77.04459677027118
-82.15241595794872
-89.58228555307912
-81.25105653135559
-84.30381971307202
-87.95157675311883
-92.74310943134654
-98.7931703576788
-106.20702837026435
-125.29784250524189
-84.80347077801761
4.82062386506875
-127.5449693949244
