-99.98059147095853
-105.96103464382854
-111.14288489503335
-118.01585004901094
-126.30416011672234
-135.74881532739295
-145.8702909742434
-155.84935507184667
-165.69533233893887
-166.33082444006402
-157.94505328571296
-146.8728697119611
-136.55269992726875
7.336338153031477
3.0451693007159975
0.0
-15.073033941472495
-18.477346591752788
-32.208787221423236
-48.6972078888207
-49.42928235762625
-66.66887031928759
-79.00541210317671
-83.91580607575133
1.075383484991562
2.369775705315419
7.758592498581477
4.460946438069527
9.839201230288893
9.440326590395232
9.26373615303146
0.6289578057476537
-23.490397519273447
-23.204698434237194
-23.250851923432048
-31.016328283775497
-36.65581990488896
-43.42707206509315
-28.93922698698071
-36.54465174922294
-42.84908307605486
-49.179739980468
-55.82439339501221
-63.99533433769869
-12.559549082572758
-32.196177901777965
-40.929782904821685
-47.69523519739743
-53.939470804517086
-60.28844276878455
-67.21288569024132
-75.13954048276483
-36.82496597865748
-45.5575927742676
-52.369760934380054
-58.51820987330311
-64.58623046403332
-70.98318771544196
-78.49997945495991
-42.368813970627414
-50.775359443330686
-57.34905611291046
-63.27868771540952
-69.11374031409264
-75.30468193361769
-82.799612690518
-56.584724874472265
-62.845096883560515
-68.410512709704
-73.97973498950284
-80.02372411744012
-87.60674642961875
-63.202029322020756
-68.93413150727707
-74.0376694974603
-79.25318820769155
-85.11739763192539
-92.84311122987745
-76.01265024643692
-80.39840881463088
-85.04421344751493
-90.63657702221684
-98.48692638451105
-88.06113013789083
-87.69806247086696
-91.56332761769312
-96.76865413837648
-104.62517483842889
-96.67710311242124
-99.45876675248253
-104.18138811004488
-111.99778232532078
-121.45346227135016
-129.33556921888476
-138.49807326404616
-96.56594650748968
8.992026229722725
4.82062386506875
0.0
-10.478414514539226
-12.979185547203228
-26.526602868479337
-36.571853218092336
-42.52096472737175
-58.82354911450855
-65.76868949490479
-75.5208077268608
-92.39903297329217
-95.86005325152071
-109.37443084729522
-126.24940289131104
-126.40788235903028
-127.5449693949244
