-76.05061162302455
-73.48630227796154
-73.13930455022664
-74.12249387499283
-75.62502296362196
-76.70823870027466
-78.16107653108621
-79.8605575424742
-82.12390410629115
-86.9537957786995
-92.9759430450753
-48.24959202022304
-63.14670423117219
-78.14963720189226
-1.9089151985888775
-4.055728874992823
-15.216373067095287
-9.798013700274666
-13.561498765097419
-16.65048231277132
-26.39616433784389
-30.561422874971107
-33.110343621235025
-57.274062779673045
-54.09467529892173
-53.90309020156576
-54.46040117118942
-55.31899306963376
-56.33098249
-57.52015760444253
-58.981727111000325
-60.94625319623335
-64.08702597280109
-47.04270703986371
-47.147774272069206
-48.01323022155154
-48.98370436760793
-50.022398470851485
-51.200636069924855
-52.61452684901639
-54.353844770952925
-56.6545440398373
-31.16655731662686
-39.89068353628538
-41.35364998497344
-42.53541031264304
-43.533523656171404
-44.641417182884766
-46.02737204184809
-47.60712615052944
-48.941597642081874
-30.50710995038451
-33.14027304106005
-34.78192433383972
-34.73330995317404
-35.09074091833844
-35.38620252003134
-36.90165966879716
-34.817701142044015
-33.71441525618485
-93.20729156745969
-78.50342335710371
-61.79688064360777
-57.473997670707725
-45.45244279445374
-29.513351593168057
-28.701302186023213
-12.96455799735777
-1.8674470874414608
-87.21708449609005
