-132.08206904536377
-118.66752548506409
-105.68013174761107
-93.29843989926376
-115.55342261463207
-95.91920308921408
-90.81018759248677
-89.99617317945007
-92.65549331961034
-36.64414389444706
-42.25799521547416
-47.83817050658613
-53.20388087305763
-58.13792293825691
-62.57351164043906
-66.26577059544532
-68.93535808640152
-71.64725231147474
-73.90556792527518
-74.01802846557979
-74.88311577661247
-77.07451039058576
-81.77578470384763
-29.910693911197523
-34.764570999731255
-39.554429734665945
-44.13261955426659
-48.36792472795608
-52.184588110137696
-55.527351262903416
-58.42842456379669
-61.018445731340584
-63.1695306622777
-64.87126361511532
-66.81263470955432
-69.6787289481741
-74.64662221779939
-24.153575830800083
-29.542556966730736
-34.03773281003238
-38.03920994728546
-41.65074488244321
-44.90417163287092
-47.82535472884009
-50.46410437780031
-52.886657712721586
-55.15166620436451
-57.40972050231465
-59.99269212895069
-63.394170149022514
-68.74653275357988
0.4631655767143781
-19.320103248609424
-25.000226952001967
-29.2186106432396
-32.78306078820404
-35.916880477351285
-38.71919031089954
-41.257669461926334
-43.60284349769554
-45.855148006438114
-48.161408331676135
-50.709335297416494
-53.70151262067524
-57.42983092259547
-63.03721707800259
-7.457009015084474
-16.483135174145826
-21.09750954729407
-24.831131279617637
-27.970339457228786
-30.680028049696773
-33.08082286396734
-35.257793298443275
-37.2810572475252
-39.280067125994755
-41.49914925523372
-44.22716266112272
-47.58264532723064
-51.552014733197005
-57.31429822084845
-5.895909094288116
-13.05844148589403
-17.207869917795225
-20.570801551162493
-23.333553021253554
-25.641974089443227
-27.663612762137987
-29.497735367348234
-31.143142517794686
-32.71089743246284
-34.57780411980149
-37.43484522767338
-41.35310919571299
-45.77354375969925
-2.2357645611925463
-8.718664013870383
-12.886290364042466
-16.131573427361964
-18.584027189052936
-20.458395019372027
-22.075630573053555
-23.634884364406716
-24.80308493280743
-25.694201397298272
-26.39249168536955
-29.295781855852518
-34.646206036266406
-39.55974635191228
3.7025704002392597
-2.8814009286473303
-7.476776967675995
-10.868152560561033
-12.935660734776095
-13.91602592828222
-14.763872333702489
-15.8539856870131
-15.180992892391647
-13.92368907615916
-139.05376666236592
-86.90841845784095
-38.78601760883924
-50.29603729593758
-63.32463517880709
-77.10583380162926
-90.52057160331246
-103.95848476378335
-117.57515837244785
-118.94300236792402
-121.67026030539043
-120.79187597318827
-120.7439081578394
-121.38682828519677
-123.87660962654465
-128.10561887550145
-133.90916931187297
-33.71441525618485
46.64239169735208
34.22357277655362
23.102271685203604
13.815771187836326
5.88606280348688
0.979461108988346
0.9476719734564291
0.0
-10.574704568129334
-19.75303003073825
-33.59933231263694
47.36321522718844
39.91924425156034
38.44197614497577
28.0195737441262
18.678222286497913
9.93522025576989
7.913427760800232
0.0
-0.3832919606197436
-0.1756921865258505
0.0
1.094688780876254
0.7710252268746274
0.0
-4.002102321998763
-7.31293261443055
-7.348603197221394
0.0
0.0
-1.1764202851967696
-15.156108646722595
-30.189369237299054
-34.32697429861638
-40.68251083578655
-52.36929085766504
-56.909678322009704
-65.83408755094393
-80.18829066514529
