-1.0457442810510769
-0.4855779246431098
0.0
15.585114601845646
25.19163912500717
31.04110837861231
43.51760775226166
48.430395140435444
56.371003169754474
69.75355423939831
71.58298687544494
70.61956199578799
71.42082178519752
71.47751671720195
-0.41953517819416675
0.0
15.836118307228583
31.540221487026145
34.2368722628096
47.24600294370994
61.989550655074744
76.6883081270597
82.54976614869797
91.72178100462224
-8.620975106750539
11.195920485845411
7.569378539145826
18.6473539875287
21.517448457472945
23.749575089484342
24.413938561822114
26.516165382465182
29.92747657187775
31.61298422914857
32.91635857627457
33.581578520808435
33.33201783141088
37.150789510179216
38.692834144387284
40.0904142642501
42.0120217776251
44.63082197072259
45.631567428000885
46.714599893021834
48.303086394995816
51.15680015005837
53.49781776897584
52.97672166291093
53.28790203332959
54.32710722413267
56.544586627197646
67.56694874994288
60.988629522584645
60.334429327076144
60.76290609627259
61.61619945102497
63.218011486523764
69.63451120719654
69.34905995471385
70.10979681772383
69.68655756478658
68.38355170588176
70.976686930132
-17.10568009236226
-13.423620758496204
-12.599004083323655
-1.5300606121750917
-1.8674470874414608
-7.142308102302539
104.02625921864244
104.47287197604125
106.23540107117023
110.04638303336014
100.36073815960569
87.02434178482892
74.11394915959198
72.02965031293932
