-42.63375874349628
-45.195546070366774
-52.130963779683235
-61.989010192119096
-73.41660907215957
-84.95473373239881
-94.23250679270646
-90.9232477303951
-64.28859642276535
-61.75489523362786
-50.605907782416274
-44.88969456003205
-40.329172052145125
-31.941793505965936
-28.70787723048019
-21.31389300133838
-11.37188217038408
-11.007804014339927
-5.642315027258007
0.0
12.577210361748856
15.276072077002828
32.101701951363744
42.20262683247088
49.22721370988179
65.72843709471307
64.36174246051556
-54.37498399769955
-47.12377700337811
-41.29826004607995
-37.7739117810319
-42.42493127231098
-35.94126125631595
-31.29044884802416
-27.195778855451106
-24.95139838476577
-37.95949116939069
-31.573016544778046
-26.67279089808496
-22.354209344303925
-18.328283756193308
-13.970308979709037
-10.553557925020518
-33.55816960447622
-27.502591113593994
-22.5926863500641
-18.209127748978872
-14.046516818600407
-9.816385798646428
-5.38443633877938
-0.22276895540805602
-29.387706013356638
-23.5706209014498
-18.65710894624932
-14.217586235110533
-10.084080957707286
-6.020314783863732
-1.7025397162094544
3.234316398782647
9.2380893390753
18.66590807349438
-25.694058566250977
-19.625479845274153
-14.601336298161792
-9.877146380008032
-5.6979522780216465
-1.769465234332431
2.3789857585220555
7.200702107176921
13.006584514299336
20.110336962984427
28.189040825862797
42.32771374673388
-23.450934761580026
-13.881400209040384
-8.264072600343148
0.7557605167320118
-90.35292132890997
-43.19771961864671
-28.170132883957187
-13.24721893409291
0.0
0.22424119275319754
7.881421247567995
6.985339785279581
9.050069849091193
19.98117796635466
19.863078593582998
25.627555514196786
33.280338338116685
42.64153458332739
53.08429178133694
58.86851154855906
63.51961475214372
-74.80142738217297
-75.27255917500271
