-89.79679915704664
-98.33979668742143
-108.29573438596641
-118.41870118185695
-128.5350774681107
-139.53330602357457
-151.2210991892461
-162.48264715087515
-174.12624969208042
-184.49957712491045
-194.76025150320916
-205.60403004784658
-216.94349213156477
-228.38501639530134
-238.6840114336878
-248.8633800383499
-259.2871035002544
-270.07423361531306
-281.1343516010138
-292.4466739759264
-303.57730191803563
-302.89450874725185
-292.7858163525726
-283.016844476159
-273.7216364433809
-264.20833210801993
-253.82343795818917
-243.09437644006792
-230.95932465964782
-219.1792495600251
-205.97102380568293
-191.58438174837465
-177.2994303776882
-163.1428842904233
-149.15131034269925
-135.37586956060497
-121.88986316193679
-108.8009716132233
-96.27130468798667
-84.54984795180243
-72.84038916787323
-61.74459166526101
-52.130963779683235
-45.195546070366774
63.276697929844126
65.44686371620574
65.93881153699382
71.82118021484192
79.96156173539588
81.41812508531727
93.24793575676206
-85.69166648341537
-71.4935813748903
-57.792539904783574
-45.04438216676698
-37.43428589194615
-33.55541781731172
-19.68955401512451
-9.89282488137737
0.0
4.431925444235503
-28.170132883957187
-13.24721893409291
0.0
0.22424119275319754
7.881421247567995
6.985339785279581
9.050069849091193
19.98117796635466
19.863078593582998
25.627555514196786
33.280338338116685
42.64153458332739
53.08429178133694
58.86851154855906
0.4713409053239496
-4.865868543386578
-7.312524949138074
-5.696580898619981
-2.6044694931103622
1.3535115780463018
5.951198903674386
11.637084191596367
18.655049118621264
48.93317186339017
-43.3421668975903
-36.630429143484335
-32.97775948303987
-29.11605078920067
-25.652719113504702
-23.225918026346818
-20.31947182125288
-16.84991608358578
-12.87719190399574
-8.447415085676456
-3.5132724521171457
2.1008598859658782
8.66406664682641
16.538891970619204
26.450259584472022
-50.408143450591226
-45.83879003994617
-41.62597248518878
-37.73209844286046
-34.13379072393711
-30.807421611666598
-27.378305644093462
-23.649568465169832
-19.569176993311885
-15.112404482133273
-10.230642075009767
-4.840136250641112
1.1756360004488355
7.989606389446509
16.22968860225978
26.334427577863746
46.151327354372896
-57.09271160980732
-52.96488503711609
-48.82351707738605
-44.83983462961503
-41.02496269490608
-37.311505753071636
-33.54878896823543
-29.608269851509757
-25.416839254918816
-20.927499210026625
-16.09349955659938
-10.856331594145974
-5.134381354417459
1.2149296070715796
8.469073258403883
17.13448819046144
28.6904568866001
-63.83237752486202
-59.6141102240464
-55.420606838535974
-51.310049763492515
-47.293121482759844
-43.324405279058034
-39.3218113651177
-35.202001853581756
-30.900214984052152
-26.366640265547318
-21.555713578862207
-16.416114536773126
-10.877512134037365
-4.824595418161458
1.9552837683443678
9.940933094723002
20.842820138088992
62.263334546853415
-70.70700115519625
-66.14328624388247
-61.76173628831054
-57.47367507911914
-53.25896758347655
-49.08045849290312
-44.88314468158313
-40.607610657092586
-36.2001991209406
-31.614367498969425
-26.806331671525278
-21.727901416838428
-16.315445671585028
-10.470458745593213
-4.020265056716665
3.379482222651449
12.483299566525341
26.862034240110606
-77.72709212053233
-72.67628224628328
-68.00664246711641
-63.49219106665007
-59.07041637487593
-54.69746673082898
-50.326894592379546
-45.91054918949159
-41.40243628657526
-36.75984333468903
-31.94111691541444
-26.900592734328974
-21.58009278710645
-15.89458414891859
-9.706359945297093
-2.774471400005443
5.377938395437319
16.466206102065392
-84.91288883300096
-79.26491420441474
-74.23237312998901
-69.44954024437702
-64.8057678697874
-60.24103547818486
-55.706991407888026
-51.158738701874306
-46.55393705569347
-41.8524556738613
-37.01455942103019
-31.997037158288784
-26.74653224903533
-21.18807300960124
-15.202895253673653
-8.573338996965786
-0.7845944551083565
10.038734575879769
-92.25585494444074
-85.92623981291645
-80.4740507892929
-75.3889348132983
-70.50810015849845
-65.74948019955896
-61.056361735580566
-56.3817407288703
-51.68354333651992
-46.92259149909423
-42.06051590762328
-37.056475457076566
-31.86175491199207
-26.410392618872585
-20.600705565401608
-14.251691370608084
-6.983433985165332
2.101638295644508
17.342212951749083
-99.72753554803019
-92.65607086350153
-86.74302031467988
-81.33039075744183
-76.20052723524002
-71.24550270600622
-66.39602259331005
-61.59926883870544
-56.81079449623471
-51.99085149253319
-47.10176692683233
-42.104918953614224
-36.95634448500791
-31.59963430630312
-25.953403942478186
-19.888100744432435
-13.185487355859493
-5.463406691037387
4.720515734801061
-107.29310377889
-99.4381425302466
-93.03655794643896
-87.28020894776876
-81.8944320660033
-76.7427181466515
-71.74026315318035
-66.82580585645383
-61.95053292024072
-57.07285121791028
-52.155110871435994
-47.1606191061345
-42.04998668440436
-36.77582877666876
-31.274178094692804
-25.448826465533532
-19.13438125589571
-11.954097902712938
-2.490630882451962
-114.91507980818716
-106.24908020408894
-99.34355171834626
-93.23675961481048
-87.5946929629757
-82.25000130579778
-77.10020277553772
-72.07370374289594
-67.11586812181939
-62.18226986447301
-57.23467492898654
-52.23789953421477
-47.15655956681124
-41.95084694399632
-36.56985247977022
-30.938316844088632
-24.922036112661466
-18.21467482918582
-9.940067809714101
4.963794835177162
-122.55230197678266
-113.06020513997208
-105.64797221584811
-99.19456487759065
-93.30364997318217
-87.77498057602634
-82.48676290446505
-77.35576772490303
-72.32056717267312
-67.33323899627891
-62.354509576486166
-57.350276928960646
-52.288472205904064
-47.13545580849059
-41.85079007111416
-36.37790337414313
-30.62516636840007
-24.42945836956358
-17.499966973961982
-8.583215772418967
-130.15470091528914
-119.83753408166422
-111.93164369915031
-105.14799719214133
-99.02484655749888
-93.3274468617936
-87.91363886224154
-82.68783978833123
-77.58137357526844
-72.54255086147246
-67.53086148838578
-62.513000461015274
-57.459609167063604
-52.34196326193868
-47.12773955643459
-41.77444625195329
-36.21773024991445
-30.345706733755332
-23.901353279772696
-15.868282108041072
-137.65042823614533
-126.5427026692577
-118.17829304201024
-111.09579536328269
-104.76735810303447
-98.92326201406463
-93.40071210674321
-88.09174058589879
-82.92056938120881
-77.83196370020681
-72.78435555382332
-67.74523383571409
-62.68757751505942
-57.5865235414716
-52.41543257031942
-47.13996225012022
-41.706644392806616
-36.013510351926016
-29.809858120494606
-22.27835121544423
-7.349812242926369
-144.94660381145218
-133.14294880111729
-124.38107933505344
-117.04739580089135
-110.55142481654468
-104.58933999188875
-98.97836276027316
-93.59894657687931
-88.36910204311539
-83.23088765652629
-78.14234709175157
-73.07216577886322
-67.9956839495426
-62.89135193290455
-57.73670232259243
-52.50238069180209
-47.141121449801126
-41.564478773467656
-35.59396303245201
-28.874606118256818
-20.03184998064483
-152.0132974450342
-139.6312229608598
-130.55320518942565
-123.03159448837545
-116.41617985012672
-110.3704629192765
-104.69334198581696
-99.25556849119855
-93.97077653001183
-88.77991012035046
-83.64187420338992
-78.52743488390796
-73.41482215772083
-68.2859671212951
-63.12234252118006
-57.89895126988914
-52.57365287747391
-47.06526744931717
-41.20107369486229
-34.54851806360116
-25.45100589765278
-158.8867586146694
-146.03401781869582
-136.73944900956997
-129.10863707785083
-122.43097012033766
-116.33930841271582
-110.61740519523006
-105.12969527397644
-99.7884860614185
-94.53607849393596
-89.33409179779022
-84.15671147413333
-78.98606474661466
-73.80842776824596
-68.61010233754813
-63.37154018173934
-58.057006413560664
-52.59225361978982
-46.80083471853653
-40.13390562465486
-28.540472056187593
-165.5738476121559
-152.4167566928793
-143.03449144635596
-135.39006466223205
-128.71373504512803
-122.6125948844244
-116.86125813976943
-111.32342237122838
-105.914640758214
-100.58199387749049
-95.29216844486001
-90.02435934098207
-84.76587512499977
-79.5087352798463
-74.24587281690445
-68.96568077821183
-63.642805073499375
-58.220080474970416
-52.5679004051732
-46.37024991738011
-36.43309180073034
-172.16839722639827
-158.9257227901448
-149.6231450471062
-142.07635887361695
-135.4643664560412
-129.38020535866397
-123.60007585472295
-117.99537576450298
-112.49122578703115
-107.0438538796083
-101.62755448631503
-96.22783958304021
-90.83829100751319
-85.45836088918635
-80.09019599374723
-74.73372853545213
-69.37874227065838
-63.98914517013716
-58.46250904518747
-52.46379819991906
-39.601621922195584
-178.88202039558675
-165.8793130242176
-156.86986806504999
-149.53636766883022
-143.03409738368438
-136.96677236434937
-131.12899664240692
-125.4109466429064
-119.75547625552856
-114.13342706047314
-108.52880623108021
-102.93313677109107
-97.34614473476684
-91.77651496093738
-86.23908900762346
-80.75012849489117
-75.32125503540847
-69.94874386733834
-64.57543954919018
-58.91685250237003
-186.29470189728465
-174.02166175554765
-165.5501785385996
-158.50997186689386
-152.10646967052102
-145.9980085366942
-140.01759742054762
-134.08450782357994
-128.17037923952225
-122.26904775251668
-116.37487744872479
-110.47951103866747
-104.58470577196033
-98.71134698343684
-92.89212484604705
-87.16604075370813
-81.57247509820466
-76.15577718919033
-70.97179865771143
-65.98531701661123
-196.32794476871166
-185.4977440817675
-177.72569303085777
-170.89907760008563
-164.4319762890731
-158.0955617164338
-151.76723610481443
-145.38743543622985
-138.9840338592352
-132.59471510084572
-126.22252729229372
-119.83234213727287
-113.4056078781789
-106.99591201932688
-100.65668627582268
-94.46798127987202
-88.49583072432739
-82.80872416548436
-77.59889071063228
-73.22143356255498
-249.67666836938528
-240.28779540026088
-231.34790867761373
-222.58841077305124
-214.0168376334188
-205.5497606195837
-196.9625116124081
-187.69740132593606
-178.45541360371735
-169.48821629000187
-160.84599121176657
-152.12556002036268
-142.6979246404965
-133.47350964913656
-124.06580206617788
-115.11550175215025
-106.75780571667352
-98.54778198907202
-90.67408748947099
-84.25876271748797
-86.64994943527806
-43.19771961864671
63.51961475214372
9.079955001096053
98.56621640635264
90.4968993315401
84.82991371626919
83.88811038583343
79.43066207832693
75.79407026287421
69.10666387716262
68.78413852268936
62.66854483280774
54.876036479371045
46.54338844215635
44.522374734983764
38.63903258479342
31.214737943291055
24.781025046555555
20.554033833527306
15.590035387203383
7.377741536308747
98.29896601958487
