-97.82422196043763
-104.61658959844202
-113.00302312882044
-122.65698371188087
-133.3033685633656
-144.72332392321692
-156.74786411440587
-167.33423749780542
-165.30501214110825
-164.62304528519678
-165.30501214110825
-167.33423749780542
-170.66267031478193
-173.88716755117943
-159.75936805213036
-145.80591319236729
-87.21708449609005
-38.78601760883924
-50.29603729593758
-63.32463517880709
-77.10583380162926
-90.52057160331246
-103.95848476378335
-117.57515837244785
-118.94300236792402
-121.67026030539043
-120.79187597318827
-120.7439081578394
-121.38682828519677
-123.87660962654465
-128.10561887550145
-133.90916931187297
-85.91249227500921
-96.87722541094375
-102.34951700663939
-107.59027797249658
-112.86394094817378
-118.09351598579366
-123.05866316184289
-127.450950835242
-130.8995522764157
-133.269940891834
-135.20805837268975
-137.09738035095245
-139.13124534964646
-141.88449006929866
-82.39206664278025
-92.65091469097278
-98.35841781027736
-103.69117205313164
-108.96740548087949
-114.09855435585754
-118.77210614325844
-122.59511805998474
-125.4586697983172
-127.50231977535452
-129.52558314217058
-131.55785806915404
-133.79579722514325
-136.6394902351453
-77.54787117676842
-86.33638197714494
-92.18314705945915
-98.04359228714027
-104.07421690085242
-110.2194988554667
-116.27011773972782
-119.65034863493221
-122.15775148547353
-93.20729156745969
-139.05376666236592
-48.24959202022304
-63.14670423117219
-78.14963720189226
-33.71441525618485
