-83.89975453193853
-84.89730685891959
-79.91632354120463
-17.10568009236226
-13.423620758496204
-12.599004083323655
-1.5300606121750917
-61.79688064360777
-57.473997670707725
-45.45244279445374
-29.513351593168057
-28.701302186023213
-12.96455799735777
-68.53564191371372
-58.53245544094323
-54.889935634075165
-40.86739573795265
-25.288757946814005
-10.624464858919595
-9.89988259899287
-58.344266571847555
-54.07539723907192
-52.723736699087006
-47.07966283879922
-45.13636542080192
-43.84550184195129
-39.632216749043344
-37.945535546341965
-36.070517672309556
-30.554590099324678
-30.71786977519577
-29.34570358243972
-26.784219616852162
-21.758940665602005
-78.50342335710371
-1.8674470874414608
-82.8387925190988
-7.142308102302539
