2.959690630432378
5.739153186571045
6.6154328674863425
7.282434490032097
8.341599284681921
8.872699498571993
10.0824514537979
8.84351136479632
-44.01684483229998
-24.28401840317476
-16.42578117227342
-9.223687022570441
-3.497037555652845
0.6758830646718201
4.198407118268834
7.074664665339795
9.424780120887627
11.441745721668147
13.279796458634445
15.103186943080276
16.73853391975373
-21.785694515791743
-11.13772571602788
-5.013083397469954
0.16168461350948557
4.441885052230607
8.154200193358282
11.410002957795903
14.316159643216313
17.026695641184233
19.763364451053242
22.985717335447696
-7.375581192689495
-0.31022894191747985
4.889442489174432
9.53712748433665
13.663979679224262
17.361277825354353
20.775495608322807
24.17994549101334
28.009294696805807
34.33421780977261
5.044991970618661
11.120361091178204
16.392967015490132
20.891583765011493
24.84472357426486
28.701263961254895
32.989219081578256
39.030676244411666
13.926051700316435
20.462260512436952
25.581309825502426
29.68791755521891
33.7404087828955
38.31403355033146
44.79375177453999
34.211999210287814
36.27713597546241
39.95504266566086
44.46362566951823
50.69432142414541
63.73059156269426
50.7320894429035
60.91836220922803
-64.28859642276535
-61.75489523362786
-50.605907782416274
-44.88969456003205
-40.329172052145125
-31.941793505965936
-28.70787723048019
-21.31389300133838
-11.37188217038408
-11.007804014339927
-5.642315027258007
0.0
12.577210361748856
15.276072077002828
32.101701951363744
42.20262683247088
49.22721370988179
65.72843709471307
64.36174246051556
-74.80142738217297
63.51961475214372
65.84800031309274
75.23851308012807
83.63402505176438
86.2561721450081
98.35568826531755
104.02625921864244
-0.41953517819416675
0.0
15.836118307228583
31.540221487026145
34.2368722628096
47.24600294370994
61.989550655074744
76.6883081270597
82.54976614869797
91.72178100462224
-7.142308102302539
-60.1934190550134
-45.11672752645538
-30.04617125170846
-15.000251050240383
0.0
0.1497970025733366
2.3498249374378877
4.781857912932054
10.136805559733602
7.801126793924539
2.2898645775369744
1.8548886866940961
0.0
-1.4333468396998796
-6.578177041617465
-6.939207858919588
