90.55406446496795
93.42557324985948
101.64787793765335
104.91570928760872
111.86870005907623
123.64433257551167
125.21869054739523
130.6993178050991
117.52558870257381
116.28402357902907
103.60406286847382
112.29979113557528
118.16940758829648
115.97664190305547
123.51571880852066
121.77351341113446
129.0101208508955
123.61891734080386
117.66797894228087
136.2822769380094
138.73133211654837
139.83990532802824
131.99901552701053
124.93934312074441
114.81759023058801
133.37127797945752
108.85935359014542
87.09402931572204
135.23701813162546
125.945700166225
112.36407985838377
99.19443769318853
