-51.66644219458294
-49.441088671733155
-49.77881490435012
-52.891307911407544
-53.336114724711216
-54.48523149471071
-55.69264445314104
-57.677297493762495
-59.89629631208895
-59.15483148474357
-60.994676294284815
-63.997196493828824
-69.9902689099907
-73.66936126891058
-75.68921012632744
-80.50179047279282
-86.70261274654983
-92.36736904329605
8.237087452703342
15.118511704814676
15.46552833607649
9.19229033148838
9.964884203222027
11.8901120067543
10.976668197804148
3.7359586048042956
0.5702131948318083
0.0
-2.2749313292775613
-1.1363094531410525
-5.69304711234679
-9.330651252165117
-14.346007573603405
-14.256195241077718
-17.00722784235326
-20.9736206717331
-24.49085161621899
-30.182596019357
-43.80920936434333
-36.85824510881316
-28.341813128170216
-35.102359573642936
-29.400130576244063
-34.74084761098524
-29.082782772950853
-34.72891468110508
-21.43118842189653
-29.029403703548162
-34.84045000509637
-23.253303850441853
-29.25641526043788
-35.14373784187365
-22.946570204338368
-29.421890484952765
-35.61366259776731
-13.600076200710982
-23.427437994806482
-29.934214443170188
-36.333879309132996
-18.154235192234225
-24.839869895093596
-30.868473432865834
-37.26775294365936
-19.116656470812224
-26.08792294169371
-32.01322196727687
-38.29179615437309
-11.932126361568898
-21.100737527831267
-27.52714797746595
-33.36665184588961
-39.64623549963937
-16.192731784281516
-23.204069751439395
-29.177858172618677
-34.95088537109282
-41.37627900593224
-17.75811057441367
-24.948124411947234
-30.90031880594653
-36.72587683214756
-43.4534340052723
-12.02418797348011
-20.19664182246948
-26.729110383848198
-32.741925777502374
-38.67954510825138
-45.597214520755095
-12.829209287936743
-21.235082158728122
-28.358054838764648
-34.874958195655395
-40.960126915673605
-47.89966615116942
-30.63042813373686
-37.98550913441191
-43.980373492696664
-50.82304588451181
-47.81740187277387
-48.779459431977635
-55.0631347900947
-66.7324311069773
-34.32697429861638
-54.15669437999647
-96.56594650748968
8.992026229722725
7.336338153031477
3.0451693007159975
0.0
-15.073033941472495
-18.477346591752788
-32.208787221423236
-48.6972078888207
-49.42928235762625
-66.66887031928759
-79.00541210317671
-83.91580607575133
