-127.58678519650569
-117.48781961028676
-108.52828090769376
-100.90566643150954
-94.41846311270213
-89.40750377148383
-85.54941104793122
-81.08110273125972
-78.74259181219114
-78.04830720607546
-79.47665228061592
-80.68507520261743
-82.21790800331898
-91.31386481342953
-95.00660543924346
-100.8180948392246
-108.40812431240421
-117.43234046401564
-60.1934190550134
-45.11672752645538
-30.04617125170846
-15.000251050240383
0.0
0.1497970025733366
2.3498249374378877
4.781857912932054
10.136805559733602
7.801126793924539
2.2898645775369744
1.8548886866940961
0.0
-1.4333468396998796
-6.578177041617465
-6.939207858919588
-82.34014507127247
-77.48380100017495
-73.44332447335381
-69.76945132916184
-66.47511202311055
-63.58708207794382
-61.11833656539384
-59.15192316522107
-57.683386479867025
-56.645067681724015
-55.96864485756202
-55.93386817422224
-77.7809362817679
-72.27253022016615
-67.93106304527798
-64.06623640748006
-60.599235853415806
-57.59210293002848
-55.09665749252161
-53.0936267741825
-51.50409784896792
-50.25108761518449
-49.342275740554044
-49.05906091994268
-52.056427687911935
-74.12276882368762
-68.30874726934485
-63.45290933191823
-59.02826926873492
-55.01928038008447
-51.61939124782118
-48.97055659484772
-46.954796575518586
-45.34424707208775
-43.98633296519152
-42.855547053123665
-42.049090343663465
-41.199097618713736
-71.02166611881596
-64.92031482603136
-59.39630931021277
-54.06693275753512
-49.00913369272363
-44.78851879131313
-41.98112633734996
-40.11713087854156
-38.6056968709612
-37.199576754557945
-35.732855799471515
-34.47726648995952
-33.096993805261256
-68.75801305618107
-62.13195441212281
-55.65697762809559
-48.97613869629893
-41.90704339034938
-35.44435275540286
-32.92912439077816
-31.492490378747295
-30.038934166291646
-28.69103445126905
-26.46869493344812
-23.496026931123772
-24.120723706655767
-12.004802848590005
-68.02182734967957
-60.272982353756376
-51.848361194892824
-42.2234259412756
-29.72694993978978
-8.02153504671493
-82.8387925190988
-90.00362863706765
-89.34408024433998
-75.24635744758524
-74.80142738217297
-7.142308102302539
-68.53564191371372
-58.53245544094323
-54.889935634075165
-40.86739573795265
-25.288757946814005
-10.624464858919595
-9.89988259899287
