39.91924425156034
38.44197614497577
28.0195737441262
18.678222286497913
9.93522025576989
7.913427760800232
0.0
-0.3832919606197436
-0.1756921865258505
0.0
1.094688780876254
0.7710252268746274
0.0
-4.002102321998763
-7.31293261443055
-7.348603197221394
0.0
0.0
-1.1764202851967696
-15.156108646722595
-30.189369237299054
-6.381691256310727
2.3415930605865984
-2.2681913472584494
-12.008873326570532
39.00030512111569
33.839939630920604
29.533424914020472
25.53015620523159
22.054986326759423
17.653597320465686
16.11530801449348
14.814879532346682
12.877476063419952
10.34668065495532
7.875875240114304
5.709895065099925
1.7989097892756474
45.870791651108014
40.92645789414899
36.282927108537514
31.88614611810782
27.767146596165393
24.104073121532945
21.185752321812814
18.663377046268078
16.12087520728077
13.440050049078266
10.66948448019555
7.549170435230319
2.938644719880209
63.455111007997715
51.24416571510075
45.70463716808439
40.815230575899854
36.27253474453066
32.05785318165061
28.241794298343503
24.850570895835816
21.75442400441913
18.76842473356623
15.757832893203883
12.54627402477311
8.519737599448359
-0.984727680760422
68.62955162327766
56.90488773979689
50.59758366541363
45.271393877445774
40.39393599459351
35.88707192816937
31.749043237087267
27.955579499752805
24.423861847132258
21.03461923292885
17.65404844832979
14.075928600430261
9.66440671372452
62.795242070536816
55.941700906697726
49.9156020456184
44.48538616055292
39.51560995559552
34.95076727287303
30.736897178766128
26.791825752237422
23.000864899442966
19.211454156440755
15.22555099025399
10.368838704764558
77.10920674447573
62.457413305434315
54.96793576634135
48.681503353748134
43.06217975116843
37.967439582238086
33.29304333868566
28.93191082971192
24.74474555129299
20.49910427020392
15.650766207594671
6.448334226832891
69.9964005555239
60.76671440750858
53.07234973564346
46.571190730309524
40.838932010039926
35.661062027628454
30.886583227509686
26.353638887911597
21.8040139538576
16.491753710129082
102.65528529101353
67.57340988410793
57.62140837919076
50.03158475785119
43.553238133314224
37.82950440554366
32.64620991279225
27.815393241522678
23.115853093905752
17.719724934608116
74.71738017204748
62.44772877178121
53.434011792848665
46.05652510268026
39.742124456374306
34.149819244934946
29.025737656569753
24.007721571761017
14.80674942592708
67.95913623910738
56.79095480591123
48.25088744837068
41.309231114752656
35.29740945685456
29.89361808794938
24.6373073266995
60.12599427222467
50.133981178006664
42.453101910535885
35.929327267449025
30.172257446314354
23.901650779363585
59.792223511252956
42.76852619777278
35.80325706225193
29.690915571916538
16.299043872436986
33.83989295050118
28.278956053682975
97.66297278924684
94.77543987083482
80.55229291025114
64.77159709392603
63.52106692709435
46.65639473145386
35.337899184302
30.238212802783853
14.131960226678968
8.992026229722725
108.85935359014542
8.237087452703342
15.118511704814676
15.46552833607649
9.19229033148838
9.964884203222027
11.8901120067543
10.976668197804148
3.7359586048042956
0.5702131948318083
0.0
-2.2749313292775613
-1.1363094531410525
-5.69304711234679
-9.330651252165117
-14.346007573603405
-14.256195241077718
-17.00722784235326
-20.9736206717331
-24.49085161621899
-30.182596019357
-34.32697429861638
47.36321522718844
85.31615202857053
71.82049812483177
66.14502066837845
58.89301726323006
87.09402931572204
90.55406446496795
93.42557324985948
101.64787793765335
104.91570928760872
111.86870005907623
123.64433257551167
125.21869054739523
130.6993178050991
117.52558870257381
116.28402357902907
