135.23701813162546
125.945700166225
112.36407985838377
99.19443769318853
104.47287197604125
106.23540107117023
110.04638303336014
100.36073815960569
87.02434178482892
74.11394915959198
74.75989278898517
78.35579071989481
79.61415904947478
86.10782501792583
103.1530403202741
99.19040543051086
97.935643050707
97.62334171203442
103.00775989113964
103.0553464388716
102.61334293000606
99.75317482530896
95.89169963295207
91.17018192307023
101.23625680957271
102.20684913072296
102.07123162866203
100.95467666404085
98.9258622010338
95.87454444254097
87.64926484022632
102.3023629931363
102.95554795164392
102.80430364211152
101.88205083876034
100.1571547776954
97.5131674890009
102.66066499959717
104.46912031972707
105.18757881361545
105.19405561158939
104.52179383169138
103.09575697180276
108.39864692923695
109.22949135432799
109.31327418994906
109.28735315609542
114.90344566828948
116.4652797941821
128.82978770900394
72.02965031293932
87.09402931572204
104.02625921864244
100.85641322516558
101.86159511010567
106.4189103798641
108.8172941745928
113.44523126039029
121.53213685137575
122.73957739030058
127.95620178604513
132.31550514270717
132.78976083348587
133.37127797945752
98.29896601958487
