100.85641322516558
101.86159511010567
106.4189103798641
108.8172941745928
113.44523126039029
121.53213685137575
122.73957739030058
127.95620178604513
132.31550514270717
132.78976083348587
10.11160729548983
19.811927940341885
33.77478281178659
37.548355765857444
48.29318035001212
60.86729479116004
71.97798828995857
84.18442807387507
97.15624772475516
109.71962509465337
120.3697661831803
122.36742151222184
98.56621640635264
90.4968993315401
84.82991371626919
83.88811038583343
79.43066207832693
75.79407026287421
69.10666387716262
68.78413852268936
62.66854483280774
54.876036479371045
46.54338844215635
44.522374734983764
38.63903258479342
31.214737943291055
24.781025046555555
20.554033833527306
15.590035387203383
7.377741536308747
90.96716533851328
96.63580825136295
90.29612826085915
94.92742743595551
111.45857764441993
85.85742937478125
89.79056765864092
95.00898278021572
101.70082774449251
80.8271423967832
84.55406037913289
89.08052061575489
95.31392365430244
116.79897342069322
70.22140620131455
79.2097525358822
83.38811087644733
88.63766591833412
73.81803649546622
77.47029071741578
81.84041622946403
67.05873629259354
71.14529315090415
75.0968421824461
54.49534845185611
64.45998313549326
68.2383224762637
58.141876484095455
61.04705268825771
50.79417027647213
51.73227301962712
39.434105835477155
133.37127797945752
98.29896601958487
9.079955001096053
