-191.144041
-182.416181
-174.543066
-167.645163
-161.84721
-157.270906
-154.025182
-152.195188
-151.832124
-131.586155
-139.260323
-148.06066
-157.798861
-168.312215
-179.464546
-29.693866
-13.794738
0.0
2.104389
3.192779
18.003517
33.902645
48.438841
49.801772
61.705524
45.806397
33.721521
29.907269
14.008142
0.0
-1.890986
-11.524542
-17.790113
-33.689241
-49.588368
-56.770604
-65.487496
-81.386624
-152.314275
-124.085409
-120.411131
-104.989473
-89.567815
-74.146157
-59.497575
-58.724499
-43.302841
-27.881183
-12.459525
0.0
2.962133
5.090259
0.0
-7.527674
-22.949332
-33.749551
-32.801909
-34.033108
-36.152952
-31.128606
-30.570533
-30.008099
-84.079553
-137.698119
-123.988152
-123.254392
-109.051631
-95.197746
