-29.693866
-13.794738
0.0
2.104389
3.192779
18.003517
33.902645
48.438841
49.801772
61.705524
45.806397
33.721521
29.907269
14.008142
0.0
-1.890986
-11.524542
-17.790113
-33.689241
-49.588368
-56.770604
-65.487496
-81.386624
-84.079553
-30.008099
-31.383724
-39.49364
-34.408125
-23.399241
-7.206205
0.0
5.408461
8.98683
25.179866
41.372901
45.225048
57.565937
73.758972
83.655176
-81.870037
-69.372435
-61.138757
-58.241791
-49.4107
-44.277173
-44.150406
-41.483144
-33.850476
-26.157681
-10.832219
0.0
4.493244
19.818707
35.14417
39.322444
50.469633
65.795096
75.342736
70.791334
69.397677
69.414891
71.347053
76.383937
