-75.889211
-65.958583
-58.239994
-53.695988
-53.147167
-56.709643
-63.697298
-73.134862
-84.202555
-96.340192
-94.914858
-92.944415
-87.951476
-72.052348
-72.666022
-57.173972
-52.649522
-34.52009
-32.633022
-12.616523
-11.866209
0.0
7.399977
10.787673
27.416477
33.441555
47.432976
55.994033
59.84164
56.910749
-12.135489
-10.446766
0.0
4.974892
20.39655
35.818208
51.239866
52.452345
-34.991485
-38.270931
-37.2842
-90.11459
-79.827854
55.400616
-22.413885
-24.058162
-22.815919
-16.736761
-19.757209
-30.36134
-56.15322
-45.25955
-40.254093
