-164.655606
-171.029493
-178.439643
-186.76275
-195.882473
-205.692883
-216.099932
-227.021584
-219.372658
-211.987763
-205.434321
-199.794166
-195.146502
-191.563582
-189.105935
-187.817739
-187.723072
-188.823728
-191.099055
-176.39542
-161.746219
-147.167709
-132.683193
-118.327195
-104.15287
-90.245862
-76.751618
-81.870037
-69.372435
-61.138757
-58.241791
-49.4107
-44.277173
-44.150406
-41.483144
-33.850476
-26.157681
-10.832219
0.0
4.493244
19.818707
35.14417
39.322444
50.469633
65.795096
75.342736
70.791334
69.397677
69.414891
71.347053
76.383937
21.973807
12.931621
6.658162
0.0
-8.927071
-12.108317
-26.50737
-40.869382
-44.087669
-61.667968
-69.630446
-160.882261
-97.285751
-102.016666
-113.184879
-129.084006
-144.983134
-147.262729
-84.079553
83.655176
85.041634
89.952008
86.045753
77.003329
75.810397
71.316423
67.995503
65.63617
45.61967
45.341621
25.60317
22.687739
5.586671
0.033857
0.0
-14.429829
-21.639249
-25.425503
-23.899944
-14.711023
-1.246062
0.0
5.305477
16.432163
19.447157
36.340486
37.555263
40.363945
39.003337
31.860425
