0.330812
0.0
-0.473698
-31.383724
-39.49364
-34.408125
-23.399241
-7.206205
0.0
5.408461
8.98683
25.179866
41.372901
45.225048
57.565937
73.758972
-20.489872
-16.3011
-16.693785
-21.005714
-9.370946
-3.270179
0.0
6.338428
-16.470354
-19.997871
-2.77888
-30.008099
-1.000185
0.0
13.718976
21.573408
29.030679
41.620466
39.527185
41.37501
30.543277
25.953352
10.531694
0.0
-4.889964
-20.311622
-22.413885
0.0
3.954629
5.787501
23.971128
28.441383
43.987628
51.095265
64.004128
73.749147
84.020627
84.071723
83.954449
93.444811
102.309385
104.332428
94.011059
83.655176
