-42.781965
-37.105145
-34.175301
-37.421803
-45.638049
-56.703365
-69.265517
-82.644733
-89.964375
-92.941032
-98.14521
-105.24699
-108.253576
-96.148679
-84.97235
-75.140083
-67.244061
-62.028183
-60.193249
-62.039979
20.347445
16.349455
0.330946
0.0
-6.304426
-16.979397
-25.816382
-36.327913
72.638589
80.150792
79.568427
64.563528
48.370493
39.751841
32.177457
15.984422
0.0
-0.064745
-0.208614
-16.401649
-32.594685
-39.881332
-48.78772
-48.100703
-64.980756
64.967766
49.194349
47.790147
35.177991
27.656991
24.184651
6.604352
0.186502
0.0
-10.975947
-26.037552
-26.021628
-12.47993
-1.280848
0.0
5.10037
22.680669
27.480217
40.260968
40.82099
39.236451
31.860425
68.779655
