-150.624054
-150.659609
-152.180912
-155.144262
-159.469289
-153.821322
-139.829758
-126.070312
-112.628086
-99.631561
-87.280067
56.411496
40.989838
25.56818
10.146522
6.03284
0.0
-5.275136
-20.696794
-36.118452
-145.459587
-137.943099
-132.086833
-115.008178
-111.791571
-98.103856
-84.360788
-81.486108
-65.37384
-58.228235
-50.255606
-151.0503
-41.341981
55.400616
-72.666022
-57.173972
-52.649522
-34.52009
-32.633022
-12.616523
-11.866209
0.0
7.399977
10.787673
27.416477
33.441555
47.432976
55.994033
59.84164
56.910749
-79.827854
