-172.569106
-172.823417
-174.372506
-177.182414
-178.646978
-164.208669
-149.880723
-135.698103
-121.711624
-107.997516
-94.674219
-81.932605
-70.090627
-59.68618
-51.596359
-4.355644
-18.76207
-24.069171
-21.83741
-8.743708
0.0
6.581755
21.907218
37.232681
36.544857
35.322223
19.99676
4.671297
0.0
-10.654165
-25.979628
-36.628062
-41.305091
-47.435276
-172.967559
-4.741433
-11.519848
-28.991166
-31.93191
-39.902947
-43.695142
-45.738269
-56.752372
-61.178845
-70.560418
-84.599645
-85.824308
-101.891852
-110.236166
-114.441733
-123.299987
-124.213093
-133.932675
-141.943784
-145.952509
-159.045297
-162.627938
-4.108623
