-47.031143
-47.028423
-51.588921
-59.675463
-70.07785
-81.918552
-94.659354
-107.982117
-121.695857
-47.435276
-129.787011
-4.355644
-18.76207
-24.069171
-21.83741
-8.743708
0.0
6.581755
21.907218
37.232681
36.544857
35.322223
19.99676
4.671297
0.0
-10.654165
-25.979628
-36.628062
-41.305091
-4.108623
24.181146
27.164779
23.371405
23.30878
5.573245
0.0
24.090702
-37.358355
-36.314043
-29.728796
-30.02149
-31.465692
-41.406667
-41.276166
-30.18739
-12.607091
-12.515101
0.0
4.973209
16.245963
22.553508
-41.341981
-51.54011
-58.554994
-66.961768
-82.383426
-97.805084
-113.226742
-123.142828
-128.6484
-129.123389
