-67.265821
-75.169292
-85.006789
-96.186724
-108.294126
-121.05102
-134.272414
-147.833734
-161.64945
-175.659547
-189.82099
-189.976079
-184.197578
-179.48979
-175.938688
-173.615262
71.923117
56.597654
41.272191
35.586035
25.946728
10.621266
0.0
-4.741433
-11.519848
-28.991166
-31.93191
-39.902947
-43.695142
-45.738269
-56.752372
-61.178845
-70.560418
-84.599645
-85.824308
-101.891852
-110.236166
-114.441733
-123.299987
-124.213093
-133.932675
-141.943784
-145.952509
-159.045297
-162.627938
-4.108623
-172.967559
-64.980756
72.638589
80.150792
79.568427
64.563528
48.370493
39.751841
32.177457
15.984422
0.0
-0.064745
-0.208614
-16.401649
-32.594685
-39.881332
-48.78772
68.779655
73.856438
79.623903
84.888194
97.853826
100.408498
112.084214
101.41533
98.370044
81.484178
73.873438
69.763217
