-47.031143
-47.028423
-51.588921
-59.675463
-70.07785
-81.918552
-94.659354
-107.982117
-121.695857
-4.42596190062849
-3.168074339989346
-12.650201525711747
-12.072201671428676
-10.201881388880828
-8.612783964864143
-7.400149062345024
-20.83985726578166
-17.399787953272565
-15.250953983786518
-13.855849272164912
-13.517017478130377
-30.98506517409378
-24.595585460333137
-21.275470410933416
-18.886748748220715
-17.135835284779503
-16.302679512572794
-29.651646753940764
-27.01406841250168
-24.224857243027117
-21.63901194720695
-19.246346450329916
-16.943281006563588
-13.343815853366301
-33.21808175005502
-31.87550432636703
-29.585941611920894
-26.88959922465989
-24.010267032254685
-20.915969680246103
-17.25521503832445
-11.128710781995458
-37.76333317384334
-37.261705008133
-35.17493381051162
-32.609878973103875
-29.676494006891183
-26.413150731817936
-22.69860784980088
-18.13002884704445
-11.257986304798909
-46.90474542519984
-42.203526369718354
-39.21259759989821
-36.132367117018006
-32.79664645301909
-29.11614111162978
-24.88516203946183
-19.576943297531756
-11.568987603199425
-47.93220243852232
-43.935753308708975
-40.20131986630116
-36.3674907641909
-32.27956662034422
-27.69245584311586
-22.04116367195192
-13.541054492163976
28.282369611903132
-55.14043061557916
-49.53903116897201
-44.89982745301316
-40.44993532779933
-35.96807717353836
-31.20648541241861
-25.768421038008693
-18.93938790034293
-6.907020874559309
-65.18692961080357
-56.31045023477264
-50.27806331818424
-45.04223638839679
-40.155007292154195
-35.305865191923615
-30.230007836781397
-24.597467803751584
-16.89864366052886
-83.47246551746026
-64.43994437897393
-56.219925574175235
-50.10521606847894
-44.801013055790854
-39.839583301715024
-35.02046661446487
-30.19235317337733
-24.90457662984987
-72.1442619632785
-62.579933031381145
-55.82827578350387
-50.07663710731759
-44.84258565223497
-40.04179929050492
-35.7724967800535
-32.34610675287762
-82.40864558593084
-72.26427105285225
-64.73813857959271
-57.92028472275899
-51.64263101572144
-46.05183497042989
-41.45972080997228
-38.37250354095156
-39.15835319904997
-47.435276
-129.787011
-4.355644
-18.76207
-24.069171
-21.83741
-8.743708
0.0
6.581755
21.907218
37.232681
36.544857
35.322223
19.99676
4.671297
0.0
-10.654165
-25.979628
-36.628062
-41.305091
-4.108623
24.181146
27.164779
23.371405
23.30878
5.573245
0.0
24.090702
-37.358355
-36.314043
-29.728796
-30.02149
-31.465692
-41.406667
-41.276166
-30.18739
-12.607091
-12.515101
0.0
4.973209
16.245963
22.553508
-41.341981
-51.54011
-58.554994
-66.961768
-82.383426
-97.805084
-113.226742
-123.142828
-128.6484
-129.123389
