-48.734569
-38.476001
-32.183024
-28.961496
-31.262341
-39.57145
-51.033963
-63.976802
-77.663356
-91.761444
-106.107155
-120.612164
-120.411131
-104.989473
-89.567815
-74.146157
-59.497575
-58.724499
-43.302841
-27.881183
-12.459525
0.0
2.962133
5.090259
0.0
-7.527674
-22.949332
-33.749551
-32.801909
-34.033108
-58.530743130743694
-47.94416990494214
-40.79148642580423
-34.72529407179886
-30.80422876041993
-32.64191411502181
-23.202603382858207
-36.64882982155402
-33.09653988554577
-40.68106930776925
-38.05251832998728
-41.86907954963809
-124.085409
-53.829914
-52.475583
-53.326617
-46.993818
-36.819201
-36.152952
