-67.265821
-75.169292
-85.006789
-96.186724
-108.294126
-121.05102
-134.272414
-147.833734
-161.64945
-175.659547
-189.82099
-189.976079
-184.197578
-179.48979
-175.938688
-173.615262
71.923117
56.597654
41.272191
35.586035
25.946728
10.621266
0.0
-4.741433
-11.519848
-28.991166
-31.93191
-39.902947
-43.695142
-45.738269
-56.752372
-61.178845
-70.560418
-84.599645
-85.824308
-101.891852
-110.236166
-114.441733
-123.299987
-124.213093
-133.932675
-141.943784
-145.952509
-159.045297
-162.627938
45.052207712890954
36.238900193936225
67.97261370735481
35.58988463724474
27.135780066880912
23.633663261927353
19.547624780622705
20.12609516317127
43.11103480276091
28.592860704360334
19.910675569255506
14.144762152720258
9.33663649760591
5.207468616032837
0.4832613274692061
-4.583523160222026
65.78474531198508
31.987634249853762
20.961188002207145
13.188885119747054
7.119707206619088
1.92862889290422
-2.887156205757478
-7.776310130664986
-12.704662885840513
-17.56081385819825
-24.452459553205493
-32.81286300845793
32.84558504851961
22.328041554009506
13.742984235807564
6.769914645402966
0.8530602059262257
-4.425929068492893
-9.389969455889922
-14.278020375198116
-19.217531108118187
-24.4504129446694
-30.417179764619853
-36.95567120851453
-43.97967781814145
37.00017864599575
23.235703504532466
14.243006012458606
6.954436980180857
0.6194546944139638
-5.044446512207092
-10.264607800885598
-15.241090430146455
-20.142216965892224
-25.11480250269372
-30.331262190268124
-35.955777527790985
-42.04810117952054
-48.89515322434974
26.294599705099827
14.973960863277211
7.221851747552766
0.6346208155157066
-5.2661209014801615
-10.697484270911435
-15.817033453706914
-20.765637366406864
-25.674541568997444
-30.671771917166367
-35.89020564583264
-41.46142171907723
-47.54194051980602
-54.58224004143752
20.902087365531088
8.260436471507875
0.9415113082936738
-5.284279765813794
-10.910631028907046
-16.163000356736212
-21.185222834554114
-26.096030692152784
-31.007983833034082
-36.03593154110777
-41.30325882746071
-46.95340991893448
-53.206365329966104
-60.666610892037916
24.009454139525758
2.856346940155236
-4.8174423024814805
-10.908488359037312
-16.363577942973766
-21.483849494440697
-26.423871998482802
-31.297558042310932
-36.210619890971955
-41.274964531882105
-46.619925131096096
-52.41402807187314
-58.939460965789486
-66.96058414968486
-3.1808115996934645
-10.481421103560953
-16.376995142197657
-21.689329417357953
-26.703109208937253
-31.573860881785823
-36.41302239200097
-41.3240898330035
-46.422769685488305
-51.85359165392911
-57.819308615512234
-64.67156986468855
-73.34566203204228
-9.314796580754745
-16.048306136848215
-21.77208725672213
-26.947562019494615
-31.865087333227645
-36.67650747254545
-41.484015072620885
-46.386363606521286
-51.5059903777929
-57.00958253135771
-63.143551056305405
-70.34033752288445
-79.7217031142697
-13.497165590869669
-21.628232125105207
-27.19404327043231
-32.195162889385344
-37.015877074272154
-41.7847964561182
-46.56840955111636
-51.451094413463274
-56.563096866948094
-62.100126491186614
-68.36324841035216
-75.88131834596055
-85.98624606018184
-32.81397583754019
-37.50269446205398
-42.204367969027516
-46.99109135222556
-51.768184596329434
-56.61394495283135
-61.66666289116383
-67.16089505910288
-73.46478053428726
-81.22273294789754
-92.01429554789308
-43.20035090233036
-47.64178925368507
-52.513908224925
-57.294001698553
-62.06341668750256
-66.9597497943432
-72.27796007270204
-78.46184668160035
-86.28426420088512
-97.61947845577723
-59.02843088049347
-63.76709789147285
-68.18585826538741
-72.73424487728661
-77.63708371512776
-83.4360696291041
-91.0021013415797
-102.4669339456322
-80.29789362498623
-75.84049800530161
-79.72051737706249
-83.60953751441048
-88.62448492305707
-95.45229962744656
-106.19328349989084
-90.55548280188759
-91.04386105530529
-94.60642259842349
-100.06295330699508
-109.26029524952385
-102.51943649384259
-106.00621118939672
-112.64638469402892
-120.2026284823337
-117.90068568376492
-4.108623
-172.967559
-64.980756
72.638589
80.150792
79.568427
64.563528
48.370493
39.751841
32.177457
15.984422
0.0
-0.064745
-0.208614
-16.401649
-32.594685
-39.881332
-48.78772
68.779655
73.856438
79.623903
84.888194
97.853826
100.408498
112.084214
101.41533
98.370044
81.484178
73.873438
69.763217
