-37.358355
-36.314043
-29.728796
-30.02149
-31.465692
-41.406667
-41.276166
-30.18739
-12.607091
-12.515101
0.0
4.973209
16.245963
22.553508
12.809086357997783
14.740537289985893
12.832309308251377
14.591974841177766
20.384117921503645
13.862089423886612
10.924031233068096
10.491532762406134
11.574968079117822
15.95167279081641
17.622319111918127
10.987435117906468
7.434874536621541
5.556267713614611
4.9853429508795735
13.65205872238727
6.925961905984989
2.753849432817503
-0.3561126413074086
9.289503021524398
2.1765168244793904
-3.0471861581013573
-9.519978089764468
5.726982778158907
-2.6317052382446233
-8.744064294905916
-7.9506090951285024
-18.081268336690613
-14.50863654338056
48.256444
34.484234
28.527187
12.879757
10.011841
55.400616
6.338428
56.411496
40.989838
25.56818
10.146522
6.03284
0.0
-5.275136
-20.696794
-36.118452
-41.341981
24.090702
12.365154
15.034034
26.360239
35.44041
33.246019
24.638634
