-150.624054
-150.659609
-152.180912
-155.144262
-159.469289
-153.821322
-139.829758
-126.070312
-112.628086
-99.631561
-87.280067
56.411496
40.989838
25.56818
10.146522
6.03284
0.0
-5.275136
-20.696794
-36.118452
-145.459587
-137.943099
-132.086833
-115.008178
-111.791571
-98.103856
-84.360788
-81.486108
-65.37384
-58.228235
-50.255606
23.119935734554552
10.844016875465766
6.788341210212681
2.38002833763584
-5.130186456899458
-4.733761418998311
-6.225169487329019
-14.92278740755814
-15.472807795326634
-13.682658867244673
-15.519357663246092
-24.301883178890126
-24.938184311612808
-24.48529975035762
-22.266550495345548
-15.407816848569157
-36.50561105665486
-34.88431792599925
-34.15793531051178
-33.27217578574381
-31.793822087925676
-29.664272255542684
-48.71189131657586
-45.75034702411762
-43.998586861528175
-42.88233445556214
-41.961663554192796
-40.97549643276024
-39.87973972569709
-60.93965687237139
-56.73735136198323
-54.081555995579635
-52.401628197680026
-51.33442433500776
-50.557892689075686
-49.84251458624377
-49.0518194203502
-68.10229382396882
-64.32686464743759
-61.981286800570835
-60.563414075978045
-59.77487631429263
-59.3837336978386
-58.91915700953121
-75.42902719303036
-71.84628786003911
-69.81327490985865
-68.79278608706757
-68.51188185029636
-68.83726775096474
-74.6729272494467
-83.08978796384137
-79.49705266119817
-77.81830103269529
-77.37429599632763
-78.06211264835751
-79.87687225257851
-90.97266495676628
-87.45875518876943
-86.26862364551133
-86.6808965907859
-88.54422409310565
-99.43433271618984
-96.27729051213227
-95.68448706914602
-97.54845347702783
-105.1172059993914
-112.13610370271758
-109.76605044785885
-109.24385799714605
-112.51724713003414
-151.0503
-41.341981
55.400616
-72.666022
-57.173972
-52.649522
-34.52009
-32.633022
-12.616523
-11.866209
0.0
7.399977
10.787673
27.416477
33.441555
47.432976
55.994033
59.84164
56.910749
-79.827854
