-42.781965
-37.105145
-34.175301
-37.421803
-45.638049
-56.703365
-69.265517
-82.644733
-89.964375
-92.941032
-98.14521
-105.24699
-108.253576
-96.148679
-84.97235
-75.140083
-67.244061
-62.028183
-60.193249
-62.039979
20.347445
16.349455
0.330946
0.0
-6.304426
-16.979397
-25.816382
-36.327913
72.638589
80.150792
79.568427
64.563528
48.370493
39.751841
32.177457
15.984422
0.0
-0.064745
-0.208614
-16.401649
-32.594685
-39.881332
-48.78772
-19.154903092702792
-8.380416510183169
-16.996847590864153
4.233252533953392
-9.76981111090703
-17.380296876957225
-1.8444465905533864
-11.457021674316842
-19.343586549404744
2.184850437579903
-6.43519381548349
-14.337720694733816
-22.3531370487869
7.118315267995238
-4.041672858891352
-10.646691528547082
-17.599093587748033
-25.87508095906509
-4.691066141455471
-8.665689269371054
-14.057170576777015
-20.65560227611919
-29.347996112497754
-7.210942114038257
-8.2802141156156
-11.731914934866111
-16.69495957949515
-23.223557566624763
-32.267882782296105
-25.92593068324506
-8.96073412740522
-10.195043349348058
-13.589665485211592
-18.549888262943618
-25.187937638633144
-34.52139811500104
-6.367722900785167
-8.057242080868672
-10.601473079273864
-14.458202310046383
-19.65899057205363
-26.523357518643774
-36.23905737196495
1.2337483940197882
-3.0023423439272174
-6.426110359318108
-10.109895896000987
-14.551423326797062
-20.077832072903185
-27.18816456496751
-37.308876722323575
4.663955755267447
-0.4140495141092067
-4.715168762708837
-9.131463281811639
-14.063513143411868
-19.8710644706412
-27.112963168551648
-37.31383439056519
14.71072182217112
7.589275777875388
2.1272165608115206
-2.817647676957188
-7.791995495778496
-13.1205701253794
-19.126033907345924
-26.323771051402215
-36.02847216004303
39.03799412248304
17.522639463898617
10.87069639298407
4.9932132383736025
-0.5809856157398845
-6.108861303569989
-11.818152419123894
-17.977905116220875
-25.030677892949424
-34.03952937081739
29.973439609275484
23.5470082124953
16.045078815750994
8.72266708535932
2.2009685754292625
-4.081034563574424
-10.267246604102548
-16.60786173036544
-23.527211090490262
-31.89303438355191
25.508834216386763
14.00980917710429
6.054877945313258
-1.7391220131726761
-8.621927867594325
-15.228280579086634
-22.129133194086187
-29.99795537790881
14.68111145630795
0.7241140623255888
-6.9655883536181715
-14.077745562729767
-21.272580349710925
-28.77121421449802
-0.35441809180905104
-14.097006018427388
-21.969430839690123
-28.855961189248482
-33.4487581798579
-48.100703
-64.980756
64.967766
49.194349
47.790147
35.177991
27.656991
24.184651
6.604352
0.186502
0.0
-10.975947
-26.037552
-26.021628
-12.47993
-1.280848
0.0
5.10037
22.680669
27.480217
40.260968
40.82099
39.236451
31.860425
68.779655
