-31.046918
-30.815285
-37.21898
-47.654205
-54.191695
-52.763922
-55.509667
-61.875801
-60.989457
-24.354965
-8.455838
-0.013487
0.0
7.44329
23.342417
29.24409
23.25306
13.344962
0.0
-1.586563
-31.843501
-16.421843
-52.475583
-53.326617
-46.993818
-36.819201
-43.31566725039529
-36.02757152932666
-32.26218897215581
-30.54011497205792
-32.026264218763856
-26.78712472019144
-21.919460508928033
-28.517483038827613
-21.799727709792204
-14.444240928989625
-25.335429532183817
-16.982618726367445
-5.494692083083703
-22.432843018534953
-13.111577157148517
-20.12375236928356
-10.89266348033571
-18.748727535819445
-7.243572541623815
-20.150954568652995
-25.332556060079256
-2.77888
-53.829914
-36.152952
-34.034766
-29.846102
-29.611407
-30.36134
