-172.569106
-172.823417
-174.372506
-177.182414
-178.646978
-164.208669
-149.880723
-135.698103
-121.711624
-107.997516
-94.674219
-81.932605
-70.090627
-59.68618
-51.596359
-4.355644
-18.76207
-24.069171
-21.83741
-8.743708
0.0
6.581755
21.907218
37.232681
36.544857
35.322223
19.99676
4.671297
0.0
-10.654165
-25.979628
-36.628062
-41.305091
-29.852343998905322
-33.72613555559107
-26.51097301157856
-36.74936793347148
-42.61493163149267
-34.422204582904484
-42.45342091944136
-49.3454962486809
-56.78072805430214
-30.67665487032222
-41.08302150894719
-49.35399992618208
-57.209018598481904
-65.52055240859936
-25.20516735597527
-38.82602735278204
-48.413739817446015
-57.015404549756106
-65.47537216377894
-74.26176949006107
-86.0446591989868
-11.482757877949549
-35.476264482698376
-47.117540963181476
-56.50245525941274
-65.05196636807818
-73.48932430702817
-82.38690299166983
-91.55020506399912
-114.72054566867044
-32.78423768667724
-46.320251460241394
-56.195496138577965
-64.79811257385647
-72.92559645399983
-80.98516364668447
-89.30437867656774
-98.17959041409456
-109.01483909486845
-34.06330357498982
-46.678736064080795
-56.45660395113892
-64.93097502849434
-72.79379422236357
-80.42258968193507
-88.0688186376118
-95.97549419162142
-104.64341805226032
-114.08964598097526
-134.96296827638864
-34.18892041420463
-47.888826911389195
-57.38897204831656
-65.57117846797146
-73.15899662726987
-80.48195240085099
-87.7394273426924
-95.10389188046166
-102.79216672827708
-111.20949629491302
-121.35213512788386
-37.94967125852536
-50.27600349492426
-58.96440620904729
-66.70843837947946
-74.03342952866127
-81.16996654745473
-88.24600619506127
-95.36456451912098
-102.67291573974907
-110.50226104735992
-119.89156714101222
-40.66855677871805
-53.09712071625757
-60.86387291034025
-68.18779758455054
-75.3861363051951
-82.56540211978331
-89.75911884598557
-96.98859790870543
-104.31871306636612
-111.99794445023582
-121.10096930255642
-55.27317683878227
-62.35699671762587
-69.6897116097618
-77.39274940484046
-85.37276719283602
-93.53028551506935
-101.7861561821737
-110.09049972637312
-118.46952969123049
-127.41579750962326
-47.435276
-172.967559
-4.741433
-11.519848
-28.991166
-31.93191
-39.902947
-43.695142
-45.738269
-56.752372
-61.178845
-70.560418
-84.599645
-85.824308
-101.891852
-110.236166
-114.441733
-123.299987
-124.213093
-133.932675
-141.943784
-145.952509
-159.045297
-162.627938
-4.108623
