67.995503
65.63617
45.61967
45.341621
25.60317
22.687739
5.586671
0.033857
0.0
-14.429829
-21.639249
-25.425503
-23.899944
-14.711023
-1.246062
0.0
5.305477
16.432163
19.447157
36.340486
37.555263
40.363945
39.003337
64.967766
49.194349
47.790147
35.177991
27.656991
24.184651
6.604352
0.186502
0.0
-10.975947
-26.037552
-26.021628
-12.47993
-1.280848
0.0
5.10037
22.680669
27.480217
40.260968
40.82099
39.236451
67.483931
67.474116
68.212963
36.93228314241547
8.619606712069308
3.9509503728305835
1.5302552188885619
4.898260852420207
5.275111870043209
11.687807416538016
12.964174565737322
24.87984073670564
21.991595170783544
21.363665254755922
44.53297444637606
31.979217358062325
29.214715363382375
42.69463977329082
39.01043797128182
52.76732100276833
31.860425
68.779655
71.316423
70.566156
