-1.000185
0.0
13.718976
21.573408
29.030679
41.620466
39.527185
41.37501
30.543277
25.953352
10.531694
0.0
-4.889964
-20.311622
-24.058162
-22.815919
-16.736761
-19.757209
16.946250605833708
17.818519244494343
10.652511530592149
15.126828095761125
6.2102149883364675
11.316749888181205
-2.622449316771027
1.9497995957241934
7.479920611102526
-8.785874111036724
-3.518619076461917
2.437640427896642
16.81515572640565
-11.538757814693115
-4.281071616344334
1.306245676453593
-17.643048748472925
-5.631945701745108
-22.413885
-24.354965
-8.455838
-0.013487
0.0
7.44329
23.342417
29.24409
23.25306
13.344962
0.0
-1.586563
-2.77888
-30.36134
-34.991485
-38.270931
-37.2842
