-36.8893892986375
-46.77454291384876
-24.217980676917264
-29.335139249720953
-16.461642216640513
-21.224391474578105
-5.579328113240587
-10.568053894945555
-15.465849283181207
-0.7132260908507329
-5.596560661316244
-10.573961828381986
4.286312664320454
-0.9862917519490384
-5.356732481226795
-14.97229874474729
17.260423219261863
7.450516185733468
3.0701037531446054
0.17514112202447066
-2.4492625524171614
15.84406270178719
9.430211414876231
6.358634743442829
4.825645409503197
4.254802672304445
14.89818872494124
10.576161893805232
8.886924860215627
8.75725981823876
10.188237783683384
16.57555898279179
12.470107755724994
10.794420545071269
10.65564219778451
11.918818934013093
15.2157385914686
9.882391980145545
9.925448377762196
10.430644151298594
11.737058968640659
14.149710224801916
18.336926827707007
30.279029330532293
2.5677537844927576
5.893260857014453
7.767780446812594
9.766014042654314
12.270890492695164
15.607165985780888
20.37399572180193
30.013696562857714
-1.109997285134872
2.621569874450399
5.556412370464777
8.803358610102732
12.379578884000749
16.539504007270196
21.86012375729754
30.52333599562404
-6.519244307774542
-2.186105815294435
2.3630258490420606
7.424345437123372
12.146410895669863
17.129604161551274
22.94039450066157
30.869674403264103
-3.9396065453941205
5.648056650140942
11.565658434325302
17.66057892981799
24.012633882521214
31.904095637635873
10.052021728313498
19.198888186618586
26.04705058706466
32.44211158450006
44.99449892565513
36.900058953232765
42.71358209831539
-29.693866
-13.794738
0.0
2.104389
3.192779
18.003517
33.902645
48.438841
49.801772
61.705524
45.806397
33.721521
29.907269
14.008142
0.0
-1.890986
-11.524542
-17.790113
-33.689241
-49.588368
-56.770604
-65.487496
-81.386624
-84.079553
-30.008099
-31.383724
-39.49364
-34.408125
-23.399241
-7.206205
0.0
5.408461
8.98683
25.179866
41.372901
45.225048
57.565937
73.758972
83.655176
-81.870037
-69.372435
-61.138757
-58.241791
-49.4107
-44.277173
-44.150406
-41.483144
-33.850476
-26.157681
-10.832219
0.0
4.493244
19.818707
35.14417
39.322444
50.469633
65.795096
75.342736
70.791334
69.397677
69.414891
71.347053
76.383937
