-191.144041
-182.416181
-174.543066
-167.645163
-161.84721
-157.270906
-154.025182
-152.195188
-151.832124
-131.586155
-139.260323
-148.06066
-157.798861
-168.312215
-179.464546
-29.693866
-13.794738
0.0
2.104389
3.192779
18.003517
33.902645
48.438841
49.801772
61.705524
45.806397
33.721521
29.907269
14.008142
0.0
-1.890986
-11.524542
-17.790113
-33.689241
-49.588368
-56.770604
-65.487496
-81.386624
-120.50521600955024
-115.75133174712408
-112.50883979079079
-109.82126919657613
-107.58572791067807
-105.8767791262888
-104.96219673471818
-105.87615398201285
-112.98891529058336
-106.86696780972711
-103.15401213213761
-100.39428838523952
-98.24981919650702
-96.73472631554183
-96.1675467723667
-97.73379033220417
-120.70783174790739
-106.72982181192998
-100.1460499991166
-96.00177338664938
-92.9957835892534
-90.74016613396218
-89.18954316312049
-88.55088333673447
-89.3662287393104
-94.1368817537884
-100.78530110515528
-94.11067723574581
-89.676541201187
-86.40378301379205
-83.9345201828565
-82.18005257481364
-81.21741258411193
-81.24106656597118
-82.91138353732309
-95.10019644067219
-88.36777389316185
-83.68834240261586
-80.14911878195555
-77.41142060186453
-75.36049424043169
-74.01440644380921
-73.51404957080386
-74.66384051239
-89.87615882663465
-82.7332736369561
-77.78892552330076
-73.9928235046542
-70.9544720602157
-68.54098727842789
-66.76016297487251
-65.64683300598902
-65.40575719632112
-84.35053991240525
-76.85567018038223
-71.79433320480753
-67.8006842435767
-64.43569354298836
-61.556122948054806
-59.209264781900785
-57.535328185929934
-77.17638962349838
-70.48191792116492
-65.6242346955497
-61.52991721612066
-57.80733442040425
-54.27151754651604
-50.903843896072075
-47.82028020710008
-70.16184357828661
-63.88683946347943
-59.36227731551263
-55.22989597251527
-51.1268422732238
-46.74907252044414
-41.52487512685547
-31.637079090474845
-63.59780989337024
-57.34036972185007
-53.14108517114479
-48.9850875295539
-44.49727948296885
-39.29436118209017
-32.145642290681096
-50.92242268093741
-46.983809296251756
-42.85035893353375
-37.9320864208198
-31.66281642545817
-22.869116203446936
-43.85558059365868
-40.77641360306928
-36.89691654735366
-31.539287615025348
-23.235584888769214
5.18321100071622
-36.05062663253302
-34.55237947981204
-31.301840667426017
-25.62061971871844
-15.978763159611681
-26.327084530505537
-28.491327634259207
-26.429716350540993
-20.049741528586484
-5.5444198823559985
-5.001534878081974
-23.78122272136256
-23.113328180611326
-15.540325497360213
34.05770190989991
-23.491418578342607
-22.02909013876534
-14.82587431676802
-25.609916260991252
-22.28185942113971
-13.71493631771503
-28.461989235782166
-23.21565444695998
-31.334562861751262
-26.581072338497517
-30.261450262961667
-152.314275
-124.085409
-120.411131
-104.989473
-89.567815
-74.146157
-59.497575
-58.724499
-43.302841
-27.881183
-12.459525
0.0
2.962133
5.090259
0.0
-7.527674
-22.949332
-33.749551
-32.801909
-34.033108
-36.152952
-31.128606
-30.570533
-30.008099
-84.079553
-137.698119
-123.988152
-123.254392
-109.051631
-95.197746
