96.403029
104.037127
90.649385
85.652669
84.048345
75.894065
70.181433
68.200887
67.532937
68.305939
73.856438
79.623903
84.888194
97.853826
100.408498
112.084214
101.41533
98.370044
81.484178
73.873438
70.566156
80.42417685444211
76.47061318491514
85.69184479431384
83.42323514744112
81.96114687571499
84.84868430421203
85.0464575148543
86.00924426919721
92.60387233779441
81.39472824601471
84.32695242922723
88.78771321038478
76.31385913944071
83.03323720164002
80.98536413249943
84.071723
69.763217
71.316423
68.779655
67.483931
67.474116
68.212963
