-135.682076
-146.762296
-146.13762
-147.048415
-149.466614
-152.075289
-51.54011
-58.554994
-66.961768
-82.383426
-97.805084
-113.226742
-123.142828
-128.6484
-129.123389
-79.96214775018328
-77.33022008619054
-92.5442427459311
-91.54006561730162
-101.89658492164322
-101.29619336430396
-101.25140178692045
-113.26125901458641
-110.22261279511088
-109.11594787892734
-109.42818922365126
-120.17723074567849
-117.39747382443653
-116.22218539886364
-116.22080388909409
-122.24522564412464
-132.70238051709376
-128.3257835879671
-126.24109850506956
-125.06575881970599
-124.29394299866118
-123.46409445438638
-129.787011
-151.0503
-41.341981
-145.459587
-137.943099
-132.086833
-115.008178
-111.791571
-98.103856
-84.360788
-81.486108
-65.37384
-58.228235
-50.255606
