-164.655606
-171.029493
-178.439643
-186.76275
-195.882473
-205.692883
-216.099932
-227.021584
-219.372658
-211.987763
-205.434321
-199.794166
-195.146502
-191.563582
-189.105935
-187.817739
-187.723072
-188.823728
-191.099055
-176.39542
-161.746219
-147.167709
-132.683193
-118.327195
-104.15287
-90.245862
-76.751618
-81.870037
-69.372435
-61.138757
-58.241791
-49.4107
-44.277173
-44.150406
-41.483144
-33.850476
-26.157681
-10.832219
0.0
4.493244
19.818707
35.14417
39.322444
50.469633
65.795096
75.342736
70.791334
69.397677
69.414891
71.347053
76.383937
21.973807
12.931621
6.658162
0.0
-8.927071
-12.108317
-26.50737
-40.869382
-44.087669
-61.667968
-131.33824835535697
-107.9811982410711
-107.80658430538278
-109.7069814786968
-112.24253617549823
-114.97764367421615
-117.65581995713858
-119.99455922874331
-121.52546688913435
-121.7413815088398
-121.13151930117596
-120.16392526828642
-119.09166467313817
-118.0664618161944
-117.19256610657628
-116.5550296921127
-116.25446610609043
-116.5190162903847
-118.41464816545542
-100.91529112549561
-97.48328744435933
-97.24068139008249
-98.33306839135291
-99.99761798496718
-101.84655695498967
-103.63499711635947
-105.14884438196546
-106.17619213163431
-106.60192231755474
-106.52492626009318
-106.13602315547824
-105.60254962463418
-105.05609564217836
-104.6101519993623
-104.3889658530528
-104.59007607507453
-105.6767903675303
-109.18066259149556
-89.95149929078681
-88.61573952724396
-88.64646597918548
-89.42037832014829
-90.59229911115852
-91.9104543613355
-93.18823097858063
-94.27666282412106
-95.06226210609691
-95.49493252736819
-95.60841435379884
-95.49332052906072
-95.25772390659026
-95.01115088087177
-94.87043523907894
-94.98507868805657
-95.59944951786797
-97.21748136288241
-101.18107507441181
-88.59113403680995
-81.85785171781099
-80.92787393294425
-81.04038070847426
-81.6516318733869
-82.5307799604726
-83.51321222239254
-84.46798517647828
-85.29241152105995
-85.91554223896681
-86.30764738035651
-86.484874443616
-86.50093321749549
-86.43333190825437
-86.37602543245863
-86.44364832599709
-86.79098587724172
-87.65975902348329
-89.49476365096493
-93.36942983190586
-75.78755598036246
-74.15142299464773
-73.84361745963984
-74.06388656925
-74.59181428586426
-75.2923255703565
-76.05866986882708
-76.80048747187699
-77.44583594370255
-77.94623296870425
-78.28174735982033
-78.46308417647847
-78.52908089101133
-78.54213774712547
-78.58606696966721
-78.76986085943165
-79.24070672547407
-80.21421784985617
-82.05258206569223
-85.58931905085531
-67.57515467986329
-67.01782365845338
-67.19472540352803
-67.53468520958018
-68.02680297001484
-68.61954097180711
-69.24771716228943
-69.84784733899544
-70.36727447285277
-70.77042226382119
-71.0429720894526
-71.19385009608217
-71.25518028890276
-71.28145557252014
-71.34982680047904
-71.5632101270802
-72.05796229020233
-73.02088424598925
-74.73798512953887
-77.83353732068328
-60.605372776323584
-60.95932455157966
-61.353754265781106
-61.82665053564575
-62.35848173733559
-62.903953871095666
-63.41361268738177
-63.84524603407869
-64.17016157146409
-64.37685696488583
-64.47311228752595
-64.4871477069195
-64.46862597090835
-64.49035368326547
-64.65129446490337
-65.08130574696713
-65.94970942350523
-67.49118757610246
-70.15015497644706
-54.49526308323035
-55.00689631034032
-55.424487134055084
-55.893265274408954
-56.4034381012626
-56.9120962241708
-57.373211375590806
-57.748296636590005
-58.01121297361643
-58.15086569812496
-58.173108354568946
-58.102530979477116
-57.98467316338351
-57.88912182708796
-57.913763930919245
-58.190040345744926
-58.889207532653586
-60.243811154666524
-62.66444171137278
-48.710373003952284
-49.242110616400254
-49.65295384278274
-50.14275739327103
-50.67434955080454
-51.19143323158551
-51.64356173273634
-51.99137873629081
-52.20825635545889
-52.28134731287687
-52.21294449216838
-52.02260118592638
-51.750385564782135
-51.4615976467673
-51.25346607845945
-51.265132971718465
-51.68875663549181
-52.76285810054302
-55.038881335286476
-43.63121115860565
-43.556824837979164
-43.93819240268156
-44.49680205996155
-45.106087428239775
-45.6829413035988
-46.1681511261227
-46.519461630224946
-46.708135712261104
-46.71773657570318
-46.54465673884081
-46.20037886419256
-45.71572030002156
-45.14716964592453
-44.58510871306668
-44.167741757623446
-44.12282095352607
-44.797958546626695
-45.19321333916144
-38.978745277061506
-37.6535504989865
-38.14145946413811
-38.87293856443079
-39.64270197761985
-40.342936122365955
-40.909329336854874
-41.298886078501106
-41.48108276568158
-41.43452246758159
-41.14658757004308
-40.6155967956258
-39.85589234025432
-38.906205093866454
-37.837359478369436
-36.745186556890694
-35.74087064951266
-35.43969340465583
-31.1059781529703
-32.06996640765782
-33.18702312609987
-34.239244510041544
-35.14155857487274
-35.84454488692168
-36.31249229252629
-36.51573529644561
-36.427068174113224
-36.02081264953301
-35.27417437391064
-34.171733283688205
-32.71613092010079
-30.944106322116205
-28.884245001269484
-26.199402463130493
-23.036331610156488
-25.577129149087984
-27.395112553064784
-28.87274716747107
-30.064342614484712
-30.964376950881316
-31.5562585511979
-31.815697581940494
-31.709186048403268
-31.192894923296592
-30.21168051487866
-28.697409693811363
-26.569704180166156
-23.76365446929705
-20.272636858402283
-14.200861683085318
-14.452859329281987
-18.867738458058962
-21.515977947126906
-23.546210738862523
-25.112363660134264
-26.2700002411232
-27.03557241729599
-27.395959122140248
-27.310867984759117
-26.712151013391164
-25.49874289799421
-23.518696098203996
-20.523811676095082
-15.984900534805432
-9.375876378789838
-4.374512442337182
-11.728792765123238
-15.54846437374904
-18.284206181213815
-20.299220024650285
-21.76802488650788
-22.759356398384664
-23.27759382982966
-23.27483849088966
-22.650544991378982
-21.24232765149338
-18.78022035007082
-14.708175491516327
-8.294115201260347
19.676119658225886
-3.9009986211801073
-9.620969348406632
-13.146073643961302
-15.64284109874124
-17.460767215813505
-18.730383782701022
-19.478870963317608
-19.650998307280346
-19.101212804887506
-17.579654333631986
-14.661054355432187
-9.431269238563479
22.398325736904425
2.705327839471167
-4.003047204924358
-8.179736802775112
-11.142421925605088
-13.331481721542794
-14.930706117920854
-15.999493138862194
-16.486205095468346
-16.186247803252265
-14.677728125121044
-11.345094882798731
0.6898179984811312
9.7501604157728
1.483307860428411
-3.3331488872155317
-6.756425639173246
-9.330188784325498
-11.30259759706333
-12.791916366405472
-13.79467335937645
-14.089091922555156
-12.905012354614346
-7.335541150895818
18.11641067022766
7.041707010720742
1.489244976642832
-2.4106016896699947
-5.36576018750397
-7.727201496761465
-9.715112199988804
-11.472167622851883
-12.98941609375895
-13.796890639212068
28.581751592905675
12.839743085537627
6.350319705291566
1.986833944899806
-1.296934364070691
-4.004338559844596
-6.47802959928343
-9.158761978565014
-12.71058323426727
64.3147145945555
18.728856418923147
11.20988128187834
6.574279192236811
3.0984590864546195
0.17189035803521968
-2.6062572585634656
-5.8306207233386935
23.261020001966905
16.280292819755733
11.670609486711445
8.19190029606099
5.330679891095868
2.5317925962703045
30.559877194396158
22.687190261360094
17.91726764463627
14.633754067151564
12.185444981863984
55.11048980689997
32.33143138676695
26.790849647969686
23.372722086600607
48.582236037946075
-69.630446
-160.882261
-97.285751
-102.016666
-113.184879
-129.084006
-144.983134
-147.262729
-84.079553
83.655176
85.041634
89.952008
86.045753
77.003329
75.810397
71.316423
67.995503
65.63617
45.61967
45.341621
25.60317
22.687739
5.586671
0.033857
0.0
-14.429829
-21.639249
-25.425503
-23.899944
-14.711023
-1.246062
0.0
5.305477
16.432163
19.447157
36.340486
37.555263
40.363945
39.003337
31.860425
