0.330812
0.0
-0.473698
-31.383724
-39.49364
-34.408125
-23.399241
-7.206205
0.0
5.408461
8.98683
25.179866
41.372901
45.225048
57.565937
73.758972
-20.489872
-16.3011
-16.693785
-21.005714
-9.370946
-3.270179
0.0
-8.017882306614199
-1.3202048079449253
-13.653695311110209
4.156715338201366
5.726417674606742
5.294829012374058
6.658080594284569
8.372495161947844
12.26493226979173
11.337303366689799
11.395697998513883
12.578495923008774
14.833456438140374
18.63224287798972
24.97062410292136
36.565584875132586
15.866545977999314
15.253346333416163
16.102021339499075
18.187348779843862
21.608334601320887
26.54444073257262
32.82677292416882
40.302245892942295
52.90026703997002
19.526312057625493
17.78220403174132
18.19297511504439
19.96821995054716
22.9675611085168
27.16419216979799
32.555994220187515
39.45024869965784
49.0545154193371
21.98882557624449
19.067784644649773
19.059820925045177
20.561117437547725
23.261180457240222
27.06252175980954
32.02579399602193
38.52952103732858
48.12944628325673
88.13764271768265
25.583811797771368
19.034984521171268
18.718036753209187
20.104544836962106
22.653449255013598
26.221227645868463
30.86885953601911
36.87437988453019
44.87788155815056
59.14339669841706
17.079316848028096
17.089094840840094
18.666432721468567
21.22622388371504
24.66355616964433
29.081761378804384
34.75719489207961
42.30000029057662
54.22221608644045
12.68693944602573
14.212020588234553
16.348551457050462
19.059989927364605
22.416311828603828
26.66431438470078
32.300674666837736
40.23745594882922
6.937914121814791
10.37602650845242
13.309864436134651
16.248060254087626
19.459718994716926
23.452262769511105
29.04037945926717
-4.345203927539411
5.644308736980705
9.639820374536775
12.899481175498918
15.684824883442833
18.989377895422052
5.108091952296634
9.100760836428943
11.29180016253489
4.0933726896818
1.5510354312540608
6.338428
-16.470354
-19.997871
-2.77888
-30.008099
-1.000185
0.0
13.718976
21.573408
29.030679
41.620466
39.527185
41.37501
30.543277
25.953352
10.531694
0.0
-4.889964
-20.311622
-22.413885
0.0
3.954629
5.787501
23.971128
28.441383
43.987628
51.095265
64.004128
73.749147
84.020627
84.071723
83.954449
93.444811
102.309385
104.332428
94.011059
83.655176
