-75.889211
-65.958583
-58.239994
-53.695988
-53.147167
-56.709643
-63.697298
-73.134862
-84.202555
-96.340192
-94.914858
-92.944415
-87.951476
-72.052348
-72.666022
-57.173972
-52.649522
-34.52009
-32.633022
-12.616523
-11.866209
0.0
7.399977
10.787673
27.416477
33.441555
47.432976
55.994033
59.84164
56.910749
-12.135489
-10.446766
0.0
4.974892
20.39655
35.818208
51.239866
52.452345
-34.991485
-38.270931
-37.2842
-34.47040209211048
-41.83357779813384
-34.40775308549686
-30.10188832581993
-42.57132278227897
-34.610727970981415
-28.941769190436727
-24.21036619551627
-20.039994122257664
-44.09734520546668
-34.66891613013231
-28.040291759279878
-22.575917956279405
-17.78151581864782
-11.601196475322606
-43.611641260738665
-33.99568350890472
-26.736761653372323
-20.525428656747533
-14.691309977047442
-7.102614848444883
-42.258431783604856
-32.6622453702736
-25.013206245742193
-18.1335150247113
-11.408901035625629
-3.5679282390848517
-40.62163141956075
-30.94779566404072
-22.992059239584265
-15.44152500599709
-7.558216545286427
1.7846372442945628
-38.31307902917771
-29.00841505505248
-20.87469247488984
-12.686010385339902
-3.519032809992089
8.43369358145651
-35.832742470517246
-27.102314435362274
-18.91235455462355
-10.167762078232311
0.32463352184656186
14.53483078172656
-33.71689583615547
-25.544190552307317
-17.34300798158362
-7.9847119443546095
3.9811345125484023
-32.38084067209019
-24.6298542229925
-16.29945411421149
-6.589103833729059
-32.20985585531028
-24.745862066595464
-15.833234074727834
-33.584109540525496
-26.699501252032412
-36.837968213960615
-32.389675076502925
-45.5126598922849
-90.11459
-79.827854
55.400616
-22.413885
-24.058162
-22.815919
-16.736761
-19.757209
-30.36134
-56.15322
-45.25955
-40.254093
