0.0
3.954629
5.787501
23.971128
28.441383
43.987628
51.095265
64.004128
73.749147
84.020627
40.133807
45.007028
57.714106
65.210911
65.73945
12.365154
15.034034
26.360239
35.44041
33.246019
24.638634
59.07839101964021
47.06978604835561
53.008725118676864
32.88933195438023
42.932516943020204
49.703208560374435
60.29535698469139
13.029271408304806
32.67850763040266
40.637595007086944
47.425923761434134
55.15152777670213
24.400374790154
32.485370212282625
39.37113808641446
46.09677371387448
60.80179777520683
27.19613599408621
33.11291250038138
38.34517389419788
44.51370970998922
33.842573834729826
36.48582536816981
24.090702
0.330812
0.0
-0.473698
84.071723
6.338428
69.763217
84.048345
75.894065
70.181433
68.200887
67.532937
68.305939
