-68.343786
-65.870118
-63.693577
-61.845542
-60.356196
-59.252592
-58.556545
-58.282659
-58.436869
-59.015819
-60.007218
-61.391087
-63.141625
-65.22932
-67.622951
-70.291271
-73.204249
-76.333881
-79.654634
-83.143611
-86.128605
-83.204839
-80.485737
-77.992708
-75.748076
-73.774519
-72.094302
-70.728332
-69.69509
-69.009522
-68.682041
-68.717766
-69.116134
-69.870943
-70.97082
-72.40004
-74.139561
-76.168124
-76.606558
5.368976
1.121221
0.0
-0.876265
-7.121506
-7.223429
-13.366747
-15.568078
-19.611988
-23.912728
-23.147207
-16.901966
-16.747058
-10.656724
-8.402409
-4.411483
-0.057759
0.0
1.833758
8.078999
8.28689
14.32424
16.63154
14.999993
10.593285
8.754752
2.509511
2.248635
0.0
-21.714883
-19.819677
-15.774861
-10.558205
-9.83484
-3.894818
-1.296734
0.0
2.045204
7.964738
7.985226
13.925248
17.226209
19.865269
25.805291
26.48768
31.745313
35.749152
37.685335
34.916736
33.569321
29.164039
24.668884
23.504714
18.026916
16.17894
12.962853
9.301184
9.037098
-4.310278
-5.897288
-9.868164
-15.435351
-17.225897
-21.004444
-26.574246
-28.563222
-32.144387
-37.714718
-39.901835
-43.285165
-48.855688
-51.24088
-54.426265
-59.99688
-62.580122
-65.567523
-71.138188
-73.919472
7.969367
-0.975695
-76.18735
-69.235057
-66.127034
-63.295036
-57.355014
-56.865562
-51.414992
-47.604091
-45.47497
-39.534948
-38.342619
-33.594927
-29.081148
-27.654905
