-20.383145
-18.676894
-18.22581
-19.118941
-21.186969
-24.12968
-27.669391
-31.606154
-35.809255
-40.19523
-44.46537
-40.07911
-35.853884
-31.853837
-28.175039
-24.959944
-22.409032
-20.768502
17.452326
20.139399
23.757956
24.583503
29.557902
31.557044
34.836163
39.985037
40.299065
45.880701
47.85472
44.898658
38.958637
38.593249
33.018615
29.331778
27.078593
21.138571
20.070306
15.19855
10.808835
9.258528
3.318506
1.547363
0.0
-2.621516
-7.714108
-8.561538
-14.501559
-16.97558
-20.441581
-10.313114
-4.742332
-0.944801
0.0
0.82845
6.399233
10.394789
11.970015
17.540797
21.734379
23.11158
28.682362
33.07397
34.253145
39.823927
44.41356
45.394709
44.033283
39.245625
38.462501
32.891718
27.906034
27.320936
21.750154
-14.459528
-18.073275
-19.257536
-20.269596
