8.11606
9.100311
10.983598
15.683627
15.83253
21.020956
23.543821
21.68744
17.783691
17.306622
15.255885
14.706345
14.825387
16.655627
16.566444
16.179371
10.608589
5.226854
5.037807
0.0
-0.532976
-6.103758
-6.112736
-11.67454
-17.245323
-17.452327
-18.738907
-13.168125
-12.763096
-7.597343
-2.02656
-1.423505
0.0
3.544222
9.115004
9.916085
14.685787
16.799725
16.98002
18.48396
17.827203
16.630071
12.25642
6.685638
5.290481
1.114856
0.0
17.185384
5.368976
1.121221
0.0
-0.876265
-7.121506
-7.223429
-13.366747
-15.568078
-19.611988
-23.912728
-23.147207
-16.901966
-16.747058
-10.656724
-8.402409
-4.411483
-0.057759
0.0
1.833758
8.078999
8.28689
14.32424
16.63154
14.999993
10.593285
8.754752
2.509511
2.248635
0.0
7.969367
-0.975695
