-86.321134
-84.259809
-82.450547
-80.910259
-79.65455
-78.697043
-78.048715
-77.717303
-77.706863
-77.245551
-74.059939
-71.083569
20.397428
26.585639
26.64267
32.887911
34.930289
39.133152
43.274939
45.378393
42.844469
42.840423
36.595182
34.499819
30.349941
26.15517
24.1047
17.859458
17.81052
11.614217
9.46587
-66.127034
-63.295036
-57.355014
-56.865562
-51.414992
-47.604091
-45.47497
-39.534948
-38.342619
-33.594927
-29.081148
-27.654905
-69.235057
-87.697329
-82.051944
-81.116606
-76.406558
-70.761172
-70.347658
-65.115787
-59.57871
-59.470401
-53.825016
-48.809762
-48.17963
-42.534244
-38.040814
-36.888859
-31.243473
-27.271866
-25.598088
-19.952702
-16.502918
-14.307316
-8.661931
-5.73397
-3.016545
0.0
2.628841
5.034977
8.274226
13.919612
15.803925
19.564997
25.210383
26.572873
30.855769
36.501154
37.341821
42.14654
47.791926
48.110769
51.305326
46.25532
46.068704
40.940874
36.595885
35.968398
31.22558
27.765148
26.834471
22.997426
20.844389
20.035346
18.392323
7.969367
-21.714883
-19.819677
-15.774861
-10.558205
-9.83484
-3.894818
-1.296734
0.0
2.045204
7.964738
7.985226
13.925248
17.226209
19.865269
25.805291
26.48768
31.745313
35.749152
37.685335
34.916736
33.569321
29.164039
24.668884
23.504714
18.026916
16.17894
12.962853
9.301184
9.037098
