-22.777807
-25.455735
-28.401764
-29.973496
-32.251522
-35.098589
-38.388295
-42.016799
-45.903831
-49.989118
-54.227872
-58.586794
-63.04096
-67.571539
-72.16414
-76.807639
-81.493335
-86.214348
-88.918976
-91.204608
-93.701531
-96.393325
-99.264139
-102.298903
-105.483467
-108.804678
-112.250409
-111.539292
-108.052354
-104.68815
-101.45889
-98.377862
18.376326
18.166292
18.376734
20.03647
21.388787
22.999058
26.83643
28.581231
31.227744
35.970694
35.914493
32.05875
26.413364
25.145545
20.767978
15.122593
14.376598
9.477207
3.831821
3.60765
0.0
-1.813564
-7.161298
-7.45895
-8.760751
-10.105015
-10.537741
-21.454679
-15.883897
-12.284391
-22.568835
-10.849316
-92.016912
-90.239455
-85.77167
-81.894805
-79.526429
-73.550156
-73.281188
-67.035947
-65.205506
-60.790706
-56.860856
-54.545465
-48.516207
-48.300224
-42.054983
-40.171557
-35.809742
-31.826908
-29.5645
-23.482258
-23.319259
-17.074018
-15.137608
-10.828777
-6.792959
-4.583536
0.0
1.551691
1.661705
7.906946
9.89634
14.152187
18.24099
-98.262153
18.392323
