-41.345541
-38.658247
-36.461847
-34.849284
-33.903965
-33.682119
-34.197827
-35.418889
-37.276051
-39.680099
-42.538412
-45.765957
-49.290253
-53.052194
-55.402196
-55.790613
-56.619623
-57.870294
-59.516049
-61.525192
-63.863436
-66.496073
-69.389602
-72.512799
-75.112423
-76.237081
-71.969125
-67.650731
-63.432547
-59.335947
-55.387915
-51.62255
-48.082785
-44.822101
-41.905695
-39.410073
-37.419519
-36.01787
-35.275395
-35.233792
-35.895496
-37.223019
-39.148687
-39.598397
-38.713096
-34.381064
-30.255765
-26.434165
-23.067701
17.452326
20.139399
23.757956
24.583503
29.557902
31.557044
34.836163
39.985037
40.299065
45.880701
47.85472
44.898658
38.958637
38.593249
33.018615
29.331778
27.078593
21.138571
20.070306
15.19855
10.808835
9.258528
3.318506
1.547363
0.0
-2.621516
-7.714108
-8.561538
-14.501559
-16.97558
-20.441581
-21.629585
-42.407514
-3.714444
-6.063043
-9.940827
-14.397054
-16.181751
-22.425078
-22.73887
-28.66924
-31.082207
-34.913787
-39.4261
-41.158545
16.566444
16.179371
10.608589
5.226854
5.037807
0.0
-0.532976
-6.103758
-6.112736
-11.67454
-17.245323
-17.452327
-18.738907
-13.168125
-12.763096
-7.597343
-2.02656
-1.423505
0.0
3.544222
9.115004
9.916085
14.685787
16.799725
16.98002
18.48396
17.827203
16.630071
12.25642
6.685638
5.290481
1.114856
0.0
17.185384
-0.975695
