-10.313114
-4.742332
-0.944801
0.0
0.82845
6.399233
10.394789
11.970015
17.540797
21.734379
23.11158
28.682362
33.07397
34.253145
39.823927
44.41356
45.394709
44.033283
39.245625
38.462501
32.891718
27.906034
27.320936
21.750154
18.376326
18.166292
18.376734
20.03647
21.388787
22.999058
26.83643
28.581231
31.227744
35.970694
35.914493
32.05875
26.413364
25.145545
20.767978
15.122593
14.376598
9.477207
3.831821
3.60765
0.0
-1.813564
-7.161298
-7.45895
-8.760751
-10.105015
-10.537741
-10.849316
8.11606
9.100311
10.983598
15.683627
15.83253
21.020956
23.543821
21.68744
17.783691
17.306622
15.255885
14.706345
14.825387
16.655627
17.185384
20.397428
26.585639
26.64267
32.887911
34.930289
39.133152
43.274939
45.378393
42.844469
42.840423
36.595182
34.499819
30.349941
26.15517
24.1047
17.859458
17.81052
11.614217
9.46587
7.969367
