-91.129488
-88.616933
-95.459422
-92.718924
-90.172592
-87.837315
-85.730341
-83.868879
-82.269596
-80.948032
-79.917967
-79.190776
-78.774847
-78.675117
-78.892785
-79.425242
-80.266223
-81.406167
-82.832733
-82.491171
-78.463432
-74.553518
-70.780958
-67.168898
-63.744629
-60.540026
-57.591767
-54.941137
-52.633121
-50.714518
-49.230877
-48.222361
-47.719106
-47.737092
-48.275738
-49.317986
-50.83287
-52.779708
-55.112744
-57.785218
-60.752352
-63.97316
-67.411291
-71.035196
-74.817885
-78.736477
-82.771673
-86.90723
-82.051944
-81.116606
-76.406558
-70.761172
-70.347658
-65.115787
-59.57871
-59.470401
-53.825016
-48.809762
-48.17963
-42.534244
-38.040814
-36.888859
-31.243473
-27.271866
-25.598088
-19.952702
-16.502918
-14.307316
-8.661931
-5.73397
-3.016545
0.0
2.628841
5.034977
8.274226
13.919612
15.803925
19.564997
25.210383
26.572873
30.855769
36.501154
37.341821
42.14654
47.791926
48.110769
51.305326
46.25532
46.068704
40.940874
36.595885
35.968398
31.22558
27.765148
26.834471
22.997426
20.844389
20.035346
-92.016912
-90.239455
-85.77167
-81.894805
-79.526429
-73.550156
-73.281188
-67.035947
-65.205506
-60.790706
-56.860856
-54.545465
-48.516207
-48.300224
-42.054983
-40.171557
-35.809742
-31.826908
-29.5645
-23.482258
-23.319259
-17.074018
-15.137608
-10.828777
-6.792959
-4.583536
0.0
1.551691
1.661705
7.906946
9.89634
14.152187
18.24099
-87.697329
-98.262153
18.392323
