-22.777807
-25.455735
-28.401764
-29.973496
-32.251522
-35.098589
-38.388295
-42.016799
-45.903831
-49.989118
-54.227872
-58.586794
-63.04096
-67.571539
-72.16414
-76.807639
-81.493335
-86.214348
-88.918976
-91.204608
-93.701531
-96.393325
-99.264139
-102.298903
-105.483467
-108.804678
-112.250409
-111.539292
-108.052354
-104.68815
-101.45889
-98.377862
18.376326
18.166292
18.376734
20.03647
21.388787
22.999058
26.83643
28.581231
31.227744
35.970694
35.914493
32.05875
26.413364
25.145545
20.767978
15.122593
14.376598
9.477207
3.831821
3.60765
0.0
-1.813564
-7.161298
-7.45895
-8.760751
-10.105015
-10.537741
-21.454679
-15.883897
-12.284391
-1.0040370483069958
3.9340783375507646
0.3945668042164133
-6.566291811086245
-4.674355917809485
-1.3845458414015364
-11.968283340063255
-11.054528732032074
-9.537673138984388
-7.2065503662430475
-3.62681482500258
3.6734552883269367
-18.18305441314607
-16.203035387184944
-14.183217069568276
-12.003159485355088
-9.367442018495893
-5.916251847061562
-0.9527381454781926
-23.7890746531728
-23.29516029632667
-21.04903163146612
-18.839901833728153
-16.57769727628038
-14.163998457748672
-11.399090297171869
-7.993997923797313
-3.3150759076520893
5.100653719321383
-30.745162904860663
-28.08931813918869
-25.674618019877425
-23.33679651173714
-21.026558273202046
-18.672530080007903
-16.177169195513244
-13.398193669471262
-10.129530603726478
-6.024231983908436
-0.1889713790802985
-35.63799242356963
-32.71747438315237
-30.128962860364794
-27.689921442591686
-25.334942459988817
-22.999951840807036
-20.622567823666266
-18.125107695694606
-15.40519107019157
-12.320004783716024
-8.628225939782316
-3.7337894414308495
4.074549239989634
-47.37843956757197
-40.196782710571334
-37.17254069046166
-34.44160878972785
-31.920215270598614
-29.519936098786644
-27.182806558595203
-24.859561487671137
-22.49974183378825
-20.04524011292916
-17.424961311505278
-14.546770026681973
-11.278249252438638
-7.411858640095495
-2.4618214269235112
-49.216473339803386
-44.611020696828604
-41.45401167859284
-38.62955491015512
-36.04271526811736
-33.60175157194453
-31.252055249444005
-28.95072889951995
-26.659593905730784
-24.34044411466078
-21.9518906424841
-19.447025858964963
-16.77055601458186
-13.85209769573437
-10.578353770784949
-6.639212431116437
-1.1934312644719685
-52.818344551026364
-48.85397592066748
-45.582559790375136
-42.70366209345422
-40.07111757579704
-37.59953709183804
-35.23583298523352
-32.940859547276716
-30.682814088862415
-28.433281243685347
-26.164812604260923
-23.84946043054604
-21.45798291255111
-18.9590923422689
-16.31687272235808
-13.480783611648013
-10.357881235225092
-6.61485106702211
-70.3103092566781
-56.71327929656732
-52.88905398275545
-49.5767092993273
-46.675229841338975
-44.021134898817714
-41.534200115959386
-39.162428971225054
-36.86915151646042
-34.626425406966774
-32.41140285042373
-30.204126144128164
-27.986194764317343
-25.740096660400006
-23.44903929525137
-21.09690300751595
-18.66728736873948
-16.138611068325474
-13.461672105275573
-10.45964052729901
-6.751519152821581
-67.12769989024542
-60.584419061962016
-56.73397016297424
-53.45118167924388
-50.561338829987456
-47.91451014378724
-45.432775959316096
-43.06527236165355
-40.77706525150193
-38.54290112648147
-36.34369658752867
-34.1643177030027
-31.992171702471452
-29.816397535274362
-27.62753275886069
-25.417516995727457
-23.17974802898683
-20.90851236271975
-18.596072428273708
-16.223445563675597
-13.738768068644948
-10.91441487831508
-69.13143061522966
-64.25257455973384
-60.43332465738952
-57.23181804462277
-54.39287261813635
-51.78598596859408
-49.33495374277071
-46.98984573694165
-44.716689159201344
-42.49206567267457
-40.299787844522704
-38.128518729750965
-35.97009594898255
-33.81847373320323
-31.66916661173735
-29.519057411363775
-27.36641289283499
-25.21087305752952
-23.0529674057672
-20.892183444670604
-18.720975028275145
-16.50319202772647
-14.083996900394505
-10.916178311820559
-72.1961563542378
-67.7760965898373
-64.0819363867207
-60.9879895236395
-58.233594469541764
-55.697755428604204
-53.30488005766533
-51.00468714861696
-48.76242416225463
-46.55471338386839
-44.36711077491985
-42.19164078129178
-40.024407749994154
-37.863895026459
-35.710054859826435
-33.563948002282984
-31.42767850226381
-29.304427633676685
-27.19839806962575
-25.114412766388934
-23.056745494683256
-21.02639510176485
-19.0160479499863
-17.011462545588948
-15.028283144310656
-8.97369741733406
-72.1092355039852
-68.01881447841403
-64.91277259684858
-62.226195144849946
-59.77237548773281
-57.45698169358759
-55.22316609190237
-53.03178671572532
-50.8550023103898
-48.67591795340307
-46.488327406830955
-44.29323570640806
-42.094803728243235
-39.89820565033905
-37.709015902531064
-35.53323160377935
-33.377458314489346
-31.249049120756
-29.156062740986734
-27.10691575391809
-25.10965719295688
-23.171112301833837
-21.2972405805904
-19.496479767129376
-17.769532934370343
-16.041019748701984
-73.37566283731667
-69.49701796291957
-66.69159856095234
-64.27106994141266
-62.02396924827205
-59.8621024400106
-57.73658986442759
-55.61079728649467
-53.45451269398541
-51.25213897083342
-49.00857591447813
-46.73817550074429
-44.45497687267405
-42.17098389477676
-39.896923470329995
-37.64314169300987
-35.420245924919264
-33.23946150706009
-31.112662318129182
-29.051971479567378
-27.068790284131662
-25.172156041550608
-23.366358566517302
-21.64610613898241
-19.971089356418094
-18.091576320862707
-13.286332817938316
-75.863206660466
-72.36022698160409
-69.83286238527033
-67.59702958061399
-65.47237419378585
-63.393293237687146
-61.3219157012762
-59.21689244486973
-57.0223424675774
-54.70471375395917
-52.302872047267556
-49.858349841066314
-47.39685453621819
-44.936347454103576
-42.491641239207276
-40.07664496963452
-37.70557521844047
-35.393624918338524
-33.157192717234125
-31.013526111586934
-28.979332273900546
-27.067334442301515
-25.278454097766744
-23.586389676443765
-21.935985807987713
-20.17395922692335
-84.87919605371333
-82.06002602827613
-79.62545669218738
-77.3058954305404
-75.05525680774389
-72.85982511397071
-70.70651127259733
-68.55999574688715
-66.20141282165154
-63.23624706321816
-60.1756550223153
-57.086979366135274
-53.99794892544797
-50.92723600264638
-47.89122718168427
-44.90669436040382
-41.99236269964611
-39.1701241932175
-36.46608919658386
-33.911338759627625
-31.541765102107888
-29.39528679454518
-27.501429258703908
-25.84025513599334
-23.93314158062716
-22.220873823647533
-22.568835
-10.849316
-92.016912
-90.239455
-85.77167
-81.894805
-79.526429
-73.550156
-73.281188
-67.035947
-65.205506
-60.790706
-56.860856
-54.545465
-48.516207
-48.300224
-42.054983
-40.171557
-35.809742
-31.826908
-29.5645
-23.482258
-23.319259
-17.074018
-15.137608
-10.828777
-6.792959
-4.583536
0.0
1.551691
1.661705
7.906946
9.89634
14.152187
18.24099
-98.262153
18.392323
