-41.345541
-38.658247
-36.461847
-34.849284
-33.903965
-33.682119
-34.197827
-35.418889
-37.276051
-39.680099
-42.538412
-45.765957
-49.290253
-53.052194
-55.402196
-55.790613
-56.619623
-57.870294
-59.516049
-61.525192
-63.863436
-66.496073
-69.389602
-72.512799
-75.112423
-76.237081
-71.969125
-67.650731
-63.432547
-59.335947
-55.387915
-51.62255
-48.082785
-44.822101
-41.905695
-39.410073
-37.419519
-36.01787
-35.275395
-35.233792
-35.895496
-37.223019
-39.148687
-39.598397
-38.713096
-34.381064
-30.255765
-26.434165
-23.067701
17.452326
20.139399
23.757956
24.583503
29.557902
31.557044
34.836163
39.985037
40.299065
45.880701
47.85472
44.898658
38.958637
38.593249
33.018615
29.331778
27.078593
21.138571
20.070306
15.19855
10.808835
9.258528
3.318506
1.547363
0.0
-2.621516
-7.714108
-8.561538
-14.501559
-16.97558
-20.441581
-33.495995205799666
-26.518070869571364
-29.567443405147486
-22.63654008579473
-24.44244553121541
-28.004755320092194
-16.575442893699798
-19.258654923015527
-21.30464808221311
-23.331177700019964
-26.99946661789882
-12.999278380137017
-16.018449639521624
-18.42226291742388
-20.576268184539202
-22.714659502059835
-26.411545900920533
-8.876754083461245
-12.761583127446787
-15.614292749034488
-18.02010828060905
-20.223069875056037
-22.440139072626422
-26.21673676195911
-2.3773699327979427
-9.606384624626747
-12.846101660532229
-15.527610973774749
-17.91034643413105
-20.151448355438617
-22.446822212275286
-26.401052965755653
-6.279380045348311
-10.147718056242258
-13.100916022715626
-15.66847061035476
-18.02777513398441
-20.30666093563231
-22.696211114617608
-26.94082510733656
4.874736654974367
-6.850490426550053
-10.631337705650877
-13.47158080823683
-15.971322135186362
-18.320372082558965
-20.646684826173246
-23.153887314127992
-27.799765249806747
-3.817690500867802
-8.08581621412344
-11.285033220717013
-13.964712793315325
-16.401267199187316
-18.748512779397366
-21.134454051918933
-23.784550356357965
-28.932325879958576
6.13939043773837
-5.621344532633084
-9.244809342882963
-12.057114245425018
-14.560251343016484
-16.92830807417769
-19.27771172807664
-21.734162685618887
-24.55042316214566
-30.287970639036505
-4.04379412580597
-7.547394422166708
-10.377687245222917
-12.871633209158722
-15.215032589614527
-17.51780560271188
-19.873313420313718
-22.408470389639454
-25.409526170900264
-31.813061184917053
2.6294064186328683
-6.370926461480485
-9.106963934503224
-11.450030284084013
-13.681591249381842
-15.88756181977179
-18.134198653598258
-20.499941879320126
-23.116886465224162
-26.311662352515583
-33.44698269448078
-6.129039375212997
-8.31740258567408
-10.3916042087271
-12.409282843378348
-14.4450069565864
-16.542004342937446
-18.744954086319794
-21.123815529059893
-23.816603742484514
-27.18999988311253
-35.09618571812535
-3.976638812235804
-8.044852114941065
-9.768596761801003
-11.458128128181468
-13.241185119237723
-15.133233690299676
-17.15007922283776
-19.323328250826545
-21.71709239517369
-24.470841779200416
-27.96889639263439
-36.314698457651346
-8.965402093372951
-9.668527173186565
-10.871090156743081
-12.307450086242877
-13.931570230535202
-15.725806211280068
-17.690775956630816
-19.849829029477615
-22.26219124757123
-25.06363801499204
-28.63030538376745
-36.972774982226824
-12.253929334753826
-10.29219061387325
-10.69780799113681
-11.650253580915953
-12.93646672830933
-14.467620246018821
-16.207509791186816
-18.14914322097552
-20.311801533060127
-22.751723335841255
-25.60099741813167
-29.22864609531498
-37.65976003627357
-11.149631987453663
-10.728624436990566
-11.17856174376335
-12.094829489332573
-13.33911098019658
-14.841097708853749
-16.568431967179745
-18.515270044415093
-20.701465618791524
-23.18358518023878
-26.09418631849132
-29.80633115567394
-38.44416194382322
-16.136055124578682
-10.591561193337073
-10.623602591636933
-11.248356483545573
-12.243613595105941
-13.52584329152121
-15.052383349965753
-16.804394271943703
-18.78327342398742
-21.013567325805905
-23.555920860527067
-26.548512485202654
-30.378810453122764
-39.3378194146609
-9.233217521607203
-9.56391129495074
-10.135387010021983
-11.010928981662452
-12.14789576916805
-13.519066845239857
-15.109482499910152
-16.916018679720892
-18.950007205851733
-21.2434785919236
-23.864471556702586
-26.96159021973863
-30.945469483012477
-40.33359866623243
-6.109024044909685
-7.431531215535965
-8.422968387395764
-9.422577274012468
-10.55328380471623
-11.856260458769164
-13.344169249971834
-15.02400382555473
-16.906637200272662
-19.01360027646288
-21.385859016902053
-24.101451774427005
-27.323742248824924
-31.494589039466028
-41.41355779488855
-4.198129154932788
-5.961957907238164
-7.297482014408971
-8.586224311177302
-9.937511630678053
-11.406778094498598
-13.023394052573906
-14.80747444239814
-16.7802358461821
-18.972247635215723
-21.433825679183254
-24.254918026309774
-27.617725672016824
-32.00383457158688
-42.55033448555829
-2.7359027150912736
-4.586589133678594
-6.148365034519033
-7.652698198352954
-9.193766355692617
-10.822880890328822
-12.57271801722038
-14.469244267031812
-16.540282082292293
-18.823703091175798
-21.37879578202013
-24.30847204538205
-27.817374792203537
-32.436679639080864
-43.70332045730752
1.2599688392784254
-1.257684664777421
-3.178247166451595
-4.915907420748302
-6.6084972289958195
-8.3271408748265
-10.114637133234979
-12.00175163881775
-14.01622132359169
-16.189759723081377
-18.565786426726806
-21.21142178211164
-24.242055456188243
-27.88612383128544
-32.732842133827894
-44.80012157699276
3.3451726385656153
0.5458998688694555
-1.5848246239738644
-3.5288215994538255
-5.422494427218548
-7.328399116036695
-9.283411710494269
-11.315909275726101
-13.454128727412822
-15.732316238541706
-18.197966268190754
-20.924071775583908
-24.03545910731682
-27.779676724167615
-32.798924868500194
-45.565443925139434
5.855583006446942
2.8090174967624297
0.3132762272385014
-1.9138091558145602
-4.056834116506518
-6.18244283780048
-8.327184910223108
-10.519644162946573
-12.789646491454025
-15.17409087113642
-17.7236548845862
-20.514718539185832
-23.675802716585324
-27.459782436883216
-32.52546663951861
-45.622067950014234
5.745502822989269
2.689353952901591
0.016550487150996974
-2.4698588838379645
-4.87373372771758
-7.24525662601356
-9.619835178716997
-12.032768004324316
-14.525590160544125
-17.152350145890466
-19.990729683085927
-23.16667913145095
-26.920908305689142
-31.862889370963774
-44.07982190564546
12.513887402409658
5.875681492088051
2.370946267884299
-0.615508849778163
-3.3901990868988285
-6.04245431117409
-8.6289524528481
-11.198871431920596
-13.803006790957461
-16.500618218103995
-19.370077462471084
-22.53114593667754
-26.203627421879666
-30.931515300676246
-42.22298843334722
9.964672406294145
5.369236653954649
1.560541029931532
-1.7277481751037613
-4.733542486615206
-7.567912618749829
-10.310175765334836
-13.02863352246413
-15.791509803055096
-18.679052976539676
-21.80457596404196
-25.36708304034892
-29.853202234367235
-40.26272514222394
9.147674257339727
4.120596450425974
0.10405560042453155
-3.3483505260619224
-6.468241240955068
-9.396220733364071
-12.23030303872531
-15.052872560802518
-17.948436501644757
-21.02547589083878
-24.465170401221634
-28.705108087465863
-38.2780074645936
16.37219364964578
7.264991411843896
2.0599406901249173
-1.93576841120988
-5.371897020261557
-8.492775177582116
-11.439899288178399
-14.315285979669357
-17.210330554089033
-20.230689756073986
-23.54260923124074
-27.540266714033827
-36.3191844437349
10.344750385007028
4.0913787452772405
-0.5521034530920388
-4.326190541780137
-7.638665249528852
-10.69106873926223
-13.610042632608303
-16.49618886383523
-19.45403979629455
-22.637065794220625
-26.399902661123143
-34.42706729340391
30.402657736895204
6.208990002590214
0.7517864319301812
-3.3728739618365307
-6.8709995108957465
-10.01654746019783
-12.96735565856375
-15.835663544320724
-18.726242127702143
-21.781341951402002
-25.31910706312936
-32.63953232262782
8.990419340465403
2.0746154576297196
-2.537526860366726
-6.22099047032028
-9.44578595486125
-12.414945317988861
-15.255934740179367
-18.075120701179983
-21.00479336023749
-24.32954120943999
-30.99450919760449
3.173300077382391
-1.8221078770152292
-5.709233394083442
-9.003386879224553
-11.977125109811192
-14.781450053522416
-17.525945757042482
-20.334202765525763
-23.460719642348977
-29.531340305459924
9.979898042654517
-1.133081874191324
-5.352732094288758
-8.707938501589535
-11.674323825712456
-14.434278148079066
-17.102101523583723
-19.794435591329638
-22.74050132046412
-28.290892804061027
-0.5169785274162468
-5.11082985223985
-8.567878015987347
-11.523515427418173
-14.235887780536403
-16.826541381440112
-19.409172967694808
-22.19508890107314
-27.31426407845953
-5.0713698895660135
-8.579808389924432
-11.542071302040407
-14.21254663053596
-16.72444303722709
-19.20190425485162
-21.84886782309439
-26.639921922134697
-3.7030067982374546
-8.6501714429801
-11.78116529388692
-14.406077969476147
-16.825912422287217
-19.197233685919254
-21.725084500853907
-26.2999177585757
-9.338923591640672
-12.372133213964714
-14.873186786353353
-17.165087629352016
-19.423645711326657
-21.850968891810055
-26.31823293317081
-13.389468683856162
-15.669105731835197
-17.778497964048228
-19.924550935405126
-22.279909742145996
-26.722419841018723
-15.05438005071758
-16.848303792163055
-18.73260128628124
-20.81083215994137
-23.176972311581054
-27.636769907467638
-19.05488331441488
-21.05008519367073
-23.47250705857451
-26.181682741002497
-31.084191724814257
-21.629585
-42.407514
-3.714444
-6.063043
-9.940827
-14.397054
-16.181751
-22.425078
-22.73887
-28.66924
-31.082207
-34.913787
-39.4261
-41.158545
16.566444
16.179371
10.608589
5.226854
5.037807
0.0
-0.532976
-6.103758
-6.112736
-11.67454
-17.245323
-17.452327
-18.738907
-13.168125
-12.763096
-7.597343
-2.02656
-1.423505
0.0
3.544222
9.115004
9.916085
14.685787
16.799725
16.98002
18.48396
17.827203
16.630071
12.25642
6.685638
5.290481
1.114856
0.0
17.185384
-0.975695
