-20.383145
-18.676894
-18.22581
-19.118941
-21.186969
-24.12968
-27.669391
-31.606154
-35.809255
-40.19523
-44.46537
-40.07911
-35.853884
-31.853837
-28.175039
-24.959944
-22.409032
-20.768502
20.657719234394097
21.86306553735121
22.87475021348747
23.901392246076863
22.32726059871291
22.63950021508878
23.800135759654317
22.304847161619207
22.59806835951869
24.87152968466313
26.440824043374228
22.95120362551985
21.73483204875014
21.96364390996817
23.73824699345004
36.359114824689456
24.058042765496598
21.553400571923135
20.64716220967388
20.86632951444285
22.27142059811477
25.28509720396301
24.783017163667576
21.497301947564807
19.796379981774322
19.147951628950626
19.34540525828348
20.416524231911453
22.71575853297915
27.88903673870216
20.552310416291462
18.771967688597673
17.74941614139021
17.336010288514228
17.507816680989517
18.283171179697817
19.736030859752976
22.00362574399123
19.29517108454616
17.347707039809155
16.21103506037067
15.561094699780528
15.309167097552494
15.452252613204369
15.996567906220033
16.95162258840744
18.37896991112713
20.279145115533055
15.204570419163215
14.312059738771161
13.680833797306967
13.282861857474106
13.135070710051826
13.250495317315533
13.630856575911851
14.264478606737809
15.135456146977901
16.322174329407357
19.1621922163031
12.883930118682912
12.071537939896622
11.547386276532116
11.17515801255698
10.932921821479706
10.847630992338289
10.938236446195331
11.206028663891583
11.633959110230675
12.19299626714519
12.86277975912416
13.60827622256377
9.235434674854876
9.103994975698432
8.88173911393285
8.66395242321071
8.507566285111626
8.452116834500991
8.520035767789006
8.71371881997345
9.015261140697937
9.38942883198183
9.791805127344013
10.209213466265192
10.59288546947007
6.101421606436039
6.360530978469854
6.36585232463414
6.25677494761202
6.105539239464222
5.979500385826675
5.925950556755426
5.971523111310502
6.120757397732425
6.355680544673646
6.637950625390183
6.913178906538441
7.114188451991421
7.171894957450911
7.657802733627015
3.1153081717960447
3.6305573988638766
3.7012911226882035
3.6012258886213533
3.4406910330525124
3.2933426198713676
3.2132628013165236
3.233911637255962
3.363601204074153
3.583308693981927
3.8498283970036606
4.101171327589501
4.259116377422625
4.22649334365913
3.790082423789575
-0.2777039119456176
0.728328038514099
1.0010357984651939
0.9881667692634651
0.8143433499699284
0.5747581874046198
0.3495487353785071
0.20624158031192533
0.19370925602894382
0.3285432833554604
0.5867086738285331
0.9125898226062685
1.2332008132720933
1.4635589154973638
1.4993546368756057
1.1974826267103946
0.2954935683620283
-2.470628262746286
-1.9535929960959002
-1.8008616034956335
-1.9346342291846184
-2.2556624861019623
-2.6572965539833904
-3.040886796819664
-3.3109776147118852
-3.3795708412332814
-3.2055573687315273
-2.833311892577128
-2.3539453819201506
-1.86334049034417
-1.4551782412802703
-1.2288487986480183
-1.3107794638867782
-1.9661433839592557
-5.60797867183866
-6.45115845619351
-5.291777813863796
-5.0359753428808
-5.347122834498828
-5.93672158329472
-6.641178461128236
-7.3348616501822095
-7.880187750889409
-8.084907981596686
-7.786962623581802
-7.143718518295057
-6.34948116209552
-5.539279485540635
-4.820256258637366
-4.294037829462513
-4.075509132832102
-4.331522691476445
-5.42997756060774
-10.804695835207896
-11.069862484093596
-12.145369314096097
-13.597941810428583
-15.25609516560664
-16.987647664586632
-18.643756838797895
-19.919994852355618
-18.59309408284761
-16.816673930466322
-14.950724595173037
-13.143578985834262
-11.514651962500174
-10.189780736376909
-9.310125555950455
-9.019843305424148
-9.461293417917117
-11.060661659945612
17.452326
20.139399
23.757956
24.583503
29.557902
31.557044
34.836163
39.985037
40.299065
45.880701
47.85472
44.898658
38.958637
38.593249
33.018615
29.331778
27.078593
21.138571
20.070306
15.19855
10.808835
9.258528
3.318506
1.547363
0.0
-2.621516
-7.714108
-8.561538
-14.501559
-16.97558
-20.441581
-10.313114
-4.742332
-0.944801
0.0
0.82845
6.399233
10.394789
11.970015
17.540797
21.734379
23.11158
28.682362
33.07397
34.253145
39.823927
44.41356
45.394709
44.033283
39.245625
38.462501
32.891718
27.906034
27.320936
21.750154
-14.459528
-18.073275
-19.257536
-20.269596
