-72.159811
-67.790205
-63.513663
-59.350306
-55.325694
-51.47238
-47.831782
-44.434755
-3.714444
-6.063043
-9.940827
-14.397054
-16.181751
-22.425078
-22.73887
-28.66924
-31.082207
-34.913787
-39.4261
-41.158545
-62.54346817242747
-58.23624648366597
-53.977584895165215
-55.15761179499122
-49.21968148117411
-52.03906513892263
-46.17943206644493
-46.25718564343793
-49.06506943349084
-42.225626641040755
-43.48826089013096
-46.22600798283083
-38.170787788052095
-39.517921763133494
-40.98641245591664
-43.537490164681536
-35.31676610115809
-37.06545906899348
-38.75889128478957
-41.12453089620147
-29.95382296676702
-32.82835947128339
-34.673218749297845
-36.632966448252354
-28.243821114879935
-30.297632897782634
-31.855327546811235
-21.46584346588115
-25.550927691480037
-23.908516483468176
-20.534730551435604
-12.171422772347617
-42.407514
-4.310278
-5.897288
-9.868164
-15.435351
-17.225897
-21.004444
-26.574246
-28.563222
-32.144387
-37.714718
-39.901835
-43.285165
-48.855688
-51.24088
-54.426265
-59.99688
-62.580122
-65.567523
-71.138188
-73.919472
