-10.313114
-4.742332
-0.944801
0.0
0.82845
6.399233
10.394789
11.970015
17.540797
21.734379
23.11158
28.682362
33.07397
34.253145
39.823927
44.41356
45.394709
44.033283
39.245625
38.462501
32.891718
27.906034
27.320936
21.750154
18.180769159115957
16.610892877020728
23.32332707497793
21.15284008133195
19.90639305208338
19.027854719437148
25.887834277361595
23.54181472403669
22.01231780910946
20.949188267224137
20.254764585705782
20.037708866023127
42.785339042694744
27.67698564737698
25.36344574253904
23.665106357045463
22.449918393768307
21.574789187458908
20.99058117515358
20.727071706196188
20.943821501961207
32.684059259657275
28.373093843779184
26.3918506443073
24.800486116723306
23.585849574172368
22.648524383914843
21.936610495721958
21.40912023200697
21.010253820220196
20.54706926371047
28.398361611280166
27.54117062617273
26.387915104863076
25.262101434999856
24.25557720667812
23.403532423619836
22.707612136285597
22.151048574350693
21.69958149039734
21.285186023373846
20.76484731471164
19.871778732459713
26.503043173731395
25.654503236964416
25.829951611301034
25.548855791091015
25.02870783198773
24.39521810032876
23.760168271931015
23.18563607813696
22.698368920710106
22.298537711010013
21.961974018500605
21.634916882495183
21.221519739729956
20.532981034033337
18.472882884744102
21.700181129229367
23.364508976544528
24.095666270379727
24.3822937325057
24.344893841863023
24.093881098388003
23.729797952780878
23.336074503778057
22.970275497061433
22.663936926013125
22.425065379299145
22.239105159146952
22.06759302269226
21.84513107532232
21.473369507806048
20.842978633883796
22.527208900932063
23.249150671931798
23.549579013154965
23.581954963075738
23.444421662269786
23.220865299607656
22.97932471493348
22.769515349386086
22.62228082080944
22.55011313740386
22.547131460572558
22.588043949401506
22.628278303431454
22.610931337569127
22.35059555900956
22.079028382586323
22.899603439205237
23.137032544498386
23.128690495992377
22.99701704989122
22.823985478330005
22.66886526242099
22.5744942580491
22.570042746257045
22.67243073636143
22.88639374195328
23.20272652631323
23.59296209283769
24.035050503088936
26.220474603952002
23.083325871557232
23.10443895763148
22.91873912587294
22.69057018752877
22.49220661555136
22.37071400058746
22.359647548538806
22.48557488024913
22.771761944440144
23.240254664140608
23.916067727085874
24.839332707745484
25.976497579420226
24.518742538433195
23.478215473903585
22.904353549411322
22.465349580249537
22.17075147856452
22.039252687536187
22.085756282461723
22.3312464101741
22.808354612117398
23.567861476266813
24.692939328914424
26.433172643620146
33.683806482979506
24.20476013823412
23.045202216548045
22.244499385236953
21.790206288790518
21.617891162868222
21.703252926844634
22.056508338528342
22.7225301016713
23.80130573170171
25.498502434409094
28.18091836347291
27.897206703834087
23.253607712221026
21.895327229012256
21.26185220036268
21.042184081343994
21.157472556049242
21.60416044726547
22.437778337611153
23.812621098786167
26.250556934738334
36.48452521465974
22.840982867174915
21.236295897822654
20.491762798407063
20.247739179093905
20.395847479986998
20.92073712655979
21.885983920053114
23.470521702276084
26.167834634982995
23.175852926456272
20.21328024478426
19.39971446636028
19.17772258232859
19.374097711408186
19.963430519822516
21.01811069499901
22.83732522743539
28.616150227269657
18.57285593959369
17.89895407405313
17.78535245635309
18.05893264266108
18.704609768477866
19.785540544053273
21.577980823935867
15.596266463659207
15.964315234574528
16.027912279232943
16.423782947591057
17.129079872876503
18.2417143903031
20.73658934749233
13.393806420760448
13.803787249534905
14.447151359186362
15.198218404168445
16.213690914417807
5.125174974423364
11.024209700527202
12.148415226955342
12.917303631002607
13.07190742224359
7.944816416637997
9.52406506300605
10.207147909892432
6.671003472743276
4.734805192900639
3.6310849278552437
18.376326
18.166292
18.376734
20.03647
21.388787
22.999058
26.83643
28.581231
31.227744
35.970694
35.914493
32.05875
26.413364
25.145545
20.767978
15.122593
14.376598
9.477207
3.831821
3.60765
0.0
-1.813564
-7.161298
-7.45895
-8.760751
-10.105015
-10.537741
-10.849316
8.11606
9.100311
10.983598
15.683627
15.83253
21.020956
23.543821
21.68744
17.783691
17.306622
15.255885
14.706345
14.825387
16.655627
17.185384
20.397428
26.585639
26.64267
32.887911
34.930289
39.133152
43.274939
45.378393
42.844469
42.840423
36.595182
34.499819
30.349941
26.15517
24.1047
17.859458
17.81052
11.614217
9.46587
7.969367
