-91.129488
-88.616933
-95.459422
-92.718924
-90.172592
-87.837315
-85.730341
-83.868879
-82.269596
-80.948032
-79.917967
-79.190776
-78.774847
-78.675117
-78.892785
-79.425242
-80.266223
-81.406167
-82.832733
-82.491171
-78.463432
-74.553518
-70.780958
-67.168898
-63.744629
-60.540026
-57.591767
-54.941137
-52.633121
-50.714518
-49.230877
-48.222361
-47.719106
-47.737092
-48.275738
-49.317986
-50.83287
-52.779708
-55.112744
-57.785218
-60.752352
-63.97316
-67.411291
-71.035196
-74.817885
-78.736477
-82.771673
-86.90723
-82.051944
-81.116606
-76.406558
-70.761172
-70.347658
-65.115787
-59.57871
-59.470401
-53.825016
-48.809762
-48.17963
-42.534244
-38.040814
-36.888859
-31.243473
-27.271866
-25.598088
-19.952702
-16.502918
-14.307316
-8.661931
-5.73397
-3.016545
0.0
2.628841
5.034977
8.274226
13.919612
15.803925
19.564997
25.210383
26.572873
30.855769
36.501154
37.341821
42.14654
47.791926
48.110769
51.305326
46.25532
46.068704
40.940874
36.595885
35.968398
31.22558
27.765148
26.834471
22.997426
20.844389
20.035346
-92.016912
-90.239455
-85.77167
-81.894805
-79.526429
-73.550156
-73.281188
-67.035947
-65.205506
-60.790706
-56.860856
-54.545465
-48.516207
-48.300224
-42.054983
-40.171557
-35.809742
-31.826908
-29.5645
-23.482258
-23.319259
-17.074018
-15.137608
-10.828777
-6.792959
-4.583536
0.0
1.551691
1.661705
7.906946
9.89634
14.152187
18.24099
-63.27415542806705
-60.41067101873265
-61.09299322152967
-57.874651771800444
-57.24476767891164
-55.59463702272032
-54.36262775463814
-54.64248345109243
-53.448783613363226
-51.843019936719045
-51.31063922246721
-58.62873146827327
-51.4350086688127
-49.65528355721177
-48.65776257016154
-48.18804623159655
-49.55255461735842
-47.682404263751735
-46.37312674569078
-45.38738913744728
-46.66866001545454
-47.80666124948306
-45.89975045388728
-44.40983548433216
-43.102129551843205
-41.832604460741706
-46.2062906888808
-44.292427013129796
-42.678837123926684
-41.13715373770881
-39.53590133826897
-37.63166211052572
-44.7620625875905
-42.85526540102581
-41.154825081819084
-39.46164479240528
-37.67144661501131
-35.59485838342896
-43.48573065106641
-41.58898038843805
-39.82241519895544
-38.01225409709228
-36.05594752699132
-33.77551031262828
-29.943061182540724
-42.38935973545742
-40.497054034251036
-38.67421592468654
-36.76884482403038
-34.69439625865439
-32.343814797050584
-29.455162408003893
-41.48446337898534
-39.58438828129264
-37.70820502631925
-35.72036912493908
-33.544266874418476
-31.08048351044011
-28.082802334228948
-22.956865130676356
-40.78100934512167
-38.855936288876784
-36.92470881788428
-34.86179748520873
-32.59650654269522
-30.043445501922253
-27.059458977904956
-23.297140642061244
-40.286356282103995
-38.315458842132074
-36.32465565987654
-34.19212708664516
-31.85045816355238
-29.219537581230373
-26.156106036090886
-22.283094998952965
-15.87860341681086
-40.0042904738493
-37.96438889286619
-35.90761185488643
-33.709824529728614
-31.30571911678329
-28.622072582037557
-25.539045240570807
-21.811974039975677
-16.729547411181958
-39.934368179396984
-37.801011209571534
-35.670316714546644
-33.40985626665144
-30.955664836066884
-28.24461869800735
-25.188248405937948
-21.6379646579695
-17.28081194353897
-10.622730611787045
-40.07171643851464
-37.82017041206241
-35.606231943100354
-33.28291097207249
-30.785253740378106
-28.057594981675777
-25.032130668139
-21.609457707472966
-17.609563533731002
-12.443312235318366
-40.40729603261818
-38.01348796907345
-35.706052689632095
-33.31707804939358
-30.77714756886017
-28.032898366342955
-25.024282202689854
-21.66380191065565
-17.780434328220576
-12.902269365509678
-5.333691589042591
-40.92847681504931
-38.36983839875018
-35.95850826441794
-33.49971695641445
-30.9162422386701
-28.153031604200194
-25.151673399974836
-21.83066460456234
-18.050523161729384
-13.536281389803104
-7.499627389633856
-41.61970249807306
-38.875798752180955
-36.350852470729706
-33.818077097700616
-31.18984856798361
-28.407219671281403
-25.411522898156246
-22.126251613854723
-18.43121365936465
-14.100290166184845
-8.588664344162137
-0.30275081771164275
-42.46304035879038
-39.51590702581369
-36.86892463512271
-34.25893182292207
-31.585992968060363
-28.78611538648081
-25.799774262305736
-22.55474823371443
-18.946263848681788
-14.800562480955318
-9.78959920722666
-2.955364698811875
-43.43846200977694
-40.272677678510796
-37.496938043883866
-34.80794075085413
-32.09191696988344
-29.279112849051693
-26.308919419894725
-23.113066601408203
-19.599402977414083
-15.62483743435692
-10.92637122363869
-4.897649594724281
4.007661413249089
-44.52371847210431
-41.126344625728095
-38.217146497983485
-35.449141850302276
-32.693272175328666
-29.873386017851022
-26.92762202131956
-23.79145953772188
-20.383784504570308
-16.58680483474725
-12.20558946311474
-6.865290181509887
0.587909739944986
-45.693598295783644
-42.05424667964891
-39.00944942635992
-36.16469053429201
-33.37391814197435
-30.55383577970898
-27.64110562782382
-24.574838143948682
-21.284284942459863
-17.673833746220684
-13.595289872027855
-8.775135192238412
-2.593638559491017
6.3576156469460745
-46.918087048954874
-43.02966685200003
-39.85096867392801
-36.93490248221902
-34.11622598183684
-31.303630795087034
-28.432027441151916
-25.443959721072616
-22.278342121336767
-18.85926705852244
-15.078933708822147
-10.764153599205194
-5.595595884211144
1.3985771356484624
39.205270652388634
-48.15815782281401
-44.019855310751915
-40.715786867495424
-37.738770120344874
-34.901897216975186
-32.10523970203397
-29.28183420256925
-26.377369680536457
-23.339388514602597
-20.10873642368723
-16.60918304613553
-12.729206655715481
-8.274600046046846
-2.830291517051407
4.314505544439529
-49.35553331062711
-44.983449753378565
-41.575647112704445
-38.55535347496325
-35.713372528790906
-32.9418739061639
-30.17246718814505
-27.35375842373777
-24.440596693314543
-21.387096478401098
-18.13992431251405
-14.62843907291228
-10.744942581015728
-6.291001434582189
-0.5677349868177011
21.27634982972977
-50.4078836782994
-45.871620642894385
-42.40368988067767
-39.36654437712334
-36.53581134340968
-33.799171457255326
-31.08815068499728
-28.35424474122997
-25.55823738347869
-22.664172337654314
-19.634608885585
-16.42462613156853
-12.969654201507048
-9.149056076292778
-4.680334361662272
0.9415825067042406
-51.18778414466419
-46.648549735125556
-43.182992546196886
-40.16091898794658
-37.35925142498756
-34.66681633893837
-32.016981893976144
-29.364218664588083
-26.673922501362618
-23.917117324578637
-21.0668652474387
-18.09430793668442
-14.961239636766605
-11.602298020228227
-7.873631330131961
-3.213567114375474
10.479016812440102
-51.741272697298534
-47.32249544976817
-43.91443283284932
-40.93657960719309
-38.18011494954305
-35.53971107812478
-32.95211195403576
-30.37464664450142
-27.775962524151616
-25.131393785413476
-22.420177750497277
-19.622941126348465
-16.71749774097001
-13.66833405612206
-10.395192353997215
-6.6929230940157005
-2.1640636620266362
-52.19659623612873
-47.934794880910374
-44.61446382258956
-41.70072493702649
-39.00137988869776
-36.41845610820433
-33.89243512351221
-31.382907318488563
-28.860244939212137
-26.301466090519998
-23.68789278822219
-21.00352836662988
-18.233321548058182
-15.359326869884065
-12.347275217254724
-9.097752483803088
-5.181705878606225
3.956764800808887
-52.63726322853351
-48.52879056053985
-45.30602866983176
-42.46664124567441
-39.83161970811143
-37.30922120060852
-34.842850504936116
-32.39325284947586
-29.930823616465197
-27.43160763404189
-24.874748764496676
-22.240479418015628
-19.508593854663456
-16.658905085876583
-13.674962163711983
-10.50275335709758
-6.906386830641574
-2.3788095949562993
-53.10864957387381
-49.13789644958041
-46.011999566415795
-43.25073343297122
-40.68379260906338
-38.22337842089298
-35.81429025548263
-33.41699165314509
-31.000151146566136
-28.53633195143217
-25.99840005282855
-23.355055739477265
-20.563313104263553
-17.557255552095317
-14.237744429762536
-10.734086943912017
-4.402841259891731
-53.63846267048152
-49.78699781276008
-46.75330511233038
-44.071070577417615
-41.57454980759005
-39.17733841397808
-36.823815880433806
-34.4725938797467
-32.088917536788706
-29.639629068967203
-27.08780362669698
-24.384047472797594
-21.447616370080684
-18.094027557827502
-13.98108859119208
-54.24536463303265
-50.49567035133134
-47.549521197932854
-44.94741713319059
-42.52442094021101
-40.19299833926892
-37.89522405708644
-35.58622641912472
-33.22605159604592
-30.77322206929988
-28.176762045663068
-25.35559676804372
-22.177088774264483
-18.2619177406928
-54.94293973902301
-51.28078940946783
-48.42040996771288
-45.90241983658019
-43.559090641213366
-41.29928058496766
-39.06087567798476
-36.79378709429677
-34.45048115335303
-31.977118332062354
-29.288177098715565
-26.301475251730338
-21.740364524370605
-55.741962241982776
-52.15878115476986
-49.388139953293894
-46.964018014009596
-44.71223610369469
-42.53563413389209
-40.36614431747726
-38.14678463002606
-35.818330572056105
-33.30215568081842
-30.504238579304157
-56.652157069964986
-53.1481748835143
-50.48069372914376
-48.16982984567962
-46.03119007277886
-43.95958336203267
-41.88060388509659
-39.726571231619424
-37.442513700916926
-34.84585049948082
-57.684175669944246
-54.27344281528534
-51.7378439004619
-49.575600347796694
-47.58890752950068
-45.665170513101856
-43.72777184317215
-41.71715285284744
-39.74980846161378
-58.85267099040807
-55.572125249866886
-53.22308555362372
-51.273745652404976
-49.51246411975433
-47.84974012499141
-46.143927670070745
-60.182405198712026
-57.110351815181666
-55.05175415427419
-53.43922542636745
-52.102272386045776
-50.984755163370444
-61.72316771980613
-59.02289034674071
-57.475093430651455
-56.45546464407909
-57.50001855990984
-63.59313779649665
-61.67140951558628
-60.954682312812984
-66.19422056381673
-66.08587386382355
-74.06731916977519
-87.697329
-98.262153
18.392323
