-86.321134
-84.259809
-82.450547
-80.910259
-79.65455
-78.697043
-78.048715
-77.717303
-77.706863
-77.245551
-74.059939
-71.083569
20.397428
26.585639
26.64267
32.887911
34.930289
39.133152
43.274939
45.378393
42.844469
42.840423
36.595182
34.499819
30.349941
26.15517
24.1047
17.859458
17.81052
11.614217
9.46587
-66.127034
-63.295036
-57.355014
-56.865562
-51.414992
-47.604091
-45.47497
-39.534948
-38.342619
-33.594927
-29.081148
-27.654905
-67.82273073935869
-52.56437628866306
-49.58187071536574
-47.73577220791553
-46.31867535593111
-45.14487113121529
-44.132566374295266
-43.23262687078296
-42.403308715601895
-41.61280313112659
-40.96792936799487
-41.096298760510535
-44.50351038346868
-51.07731561934755
-46.76036888284782
-44.130593066638475
-42.279780175999946
-40.838345411806586
-39.64518041777279
-38.62158842970439
-37.731024609878155
-36.98415233290802
-36.48816603015414
-36.51964254652142
-37.59517448033863
-64.0010899779942
-45.4901871011889
-41.87936153890212
-39.56643140675805
-37.83653198774955
-36.4545382504051
-35.30939544356429
-34.35212730816084
-33.583460818363776
-33.06274616510011
-32.92545444169326
-33.4416300359317
-34.89854101423831
-44.59382810128018
-40.238678554514436
-37.43754466318129
-35.4176485037324
-33.84861998645329
-32.57927587059577
-31.53974182488157
-30.709013838155716
-30.106139942055545
-29.787800399761576
-29.85097115322575
-30.541520318876657
-34.02346821103342
-39.00159776378932
-35.59143131925888
-33.29918076285485
-31.553931851161146
-30.163771106510147
-29.03573633036157
-28.127155827856214
-27.427681735589363
-26.950252426779144
-26.729058769048027
-26.838108500388582
-27.390829390839485
-37.881259535121714
-33.93049348053592
-31.33810730324146
-29.42526367088263
-27.924330860289153
-26.712178338939008
-25.726565886035722
-24.936211864035187
-24.32815227252764
-23.90204074364586
-23.674727404166465
-23.74041971726662
-24.266236253410543
-32.401093401577846
-29.43291566072629
-27.372586312901696
-25.776444114667303
-24.492601830510658
-23.441278326581045
-22.57565328235978
-21.866270362352
-21.293686074005297
-20.847494894732378
-20.53410141380571
-20.43553357728219
-22.510441561812776
-30.955095036567325
-27.570781069761054
-25.340153898161926
-23.662158014918564
-22.324509001123435
-21.225486031617756
-20.305611317525354
-19.52414130325957
-18.849869904873504
-18.25750017038773
-17.72956489847972
-17.272035946675256
-16.861227512884668
-25.699377647784814
-23.269123054087867
-21.536281808017474
-20.167514539733045
-19.043383960506425
-18.093752030272547
-17.269445738810866
-16.53154031479568
-15.84630824815166
-15.183188736548873
-14.515519795099161
-13.846629684831232
-13.222175915255656
-23.850344270253377
-21.15432422046208
-19.364322656678297
-17.986875878202607
-16.864139088418803
-15.91218672648658
-15.07478398364377
-14.307730779996893
-13.572429499559721
-12.832109813762605
-12.049422790528016
-11.183418044609054
-10.169393374144432
-9.495847952130154
-18.93668468666401
-17.095274498268108
-15.748097465290876
-14.65894054380416
-13.735468851806555
-12.915792333322571
-12.152253965838122
-11.404065303873288
-10.632136894749339
-9.794752365438232
-8.84207334626863
-7.709468710202282
-6.233428637566449
-16.561758862340223
-14.703426955588297
-13.417696837237697
-12.39863642890491
-11.539416957850964
-10.77006238227028
-10.041684608803498
-9.314171387736106
-8.54917612731098
-7.70541221891338
-6.73325106674409
-5.562410382508034
-4.06386587428669
-1.9120807432191231
-12.135903473567137
-10.936935091269891
-10.050776233335535
-9.300969803515473
-8.616538516055233
-7.9540574748659925
-7.27802352033735
-6.553330943870204
-5.741642499376271
-4.797835857069246
-3.6640927790466526
-2.2579417734130547
-0.38305560255081483
7.829916271175519
-9.017063664036112
-8.235736396449669
-7.586503685904415
-6.998965834912011
-6.434455882976584
-5.8675898786006115
-5.271975032825195
-4.617292535470093
-3.868855295398208
-2.985845653882182
-1.91662861279753
-0.5848944662114552
1.1547943420729283
3.626068830923397
-5.2425490304799025
-4.97579866401193
-4.610047229152655
-4.199658354709975
-3.7586565318479703
-3.2726467971948496
-2.716420576803463
-2.058968628382447
-1.2631165477743995
-0.28141631085023955
0.9548911367532773
2.5656237522868333
4.839731074588138
9.077025403748797
-1.4115644662426203
-2.173887737409377
-2.093316770864982
-1.8767396235246845
-1.5992456662915777
-1.2561900489295774
-0.8284861834901498
-0.2897549369855729
0.3927170192724362
1.2608356112668881
2.3737950046219956
3.8265997192959023
5.79292876519384
8.696576774487394
0.8946395187036777
0.662082330154494
0.5877285606556623
0.6437656085494486
0.8019656264433966
1.0669488244235592
1.457420892844979
1.9995287754307514
2.727374022835504
3.6882867649147353
4.955164690413394
6.657206148619031
9.075998994436182
12.791661563546116
6.654639259358733
3.8182901352940077
3.2505254096616536
3.0076990090610156
2.9270200641897968
2.988840862789844
3.19888294322481
3.573474102039902
4.136310611545435
4.920762831067467
5.9776924409212775
7.3934360200776545
9.336952444068265
12.296092066107727
20.11320669536865
7.30177754413112
6.217239338744651
5.539419999363139
5.144998861606404
4.954491961553566
4.948479726236574
5.128789747285688
5.505610177255815
6.096089847470547
6.928116645842917
8.049678887484584
9.550542106473639
11.61020265279092
14.528539742708652
15.767458624186009
9.659225888268152
8.287101798694545
7.484413675140212
6.97916731881846
6.716306924006736
6.67612156421411
6.850870584535522
7.238886540574192
7.844651396304831
8.681866887929166
9.77921985702764
11.192586572987185
13.074917773660387
15.63609164960601
13.490820793370977
11.3790614760053
9.984155727001356
9.074696311215485
8.506327226384053
8.219976752042284
8.1825100719169
8.369692880173881
8.762319791530645
9.345218577472254
10.106865195264074
11.039309828147962
12.139004381786417
13.461783382189187
17.61843856531802
26.568529072450286
14.995745278437376
12.67508443173668
11.246665457985177
10.312664989133127
9.755570800382287
9.503024016070917
9.501757898611256
9.707705405010811
10.080914520990557
10.58220085361638
11.170256760169307
11.8006846465429
12.437133635298666
12.987381515391746
19.103959037865977
15.685279897298631
13.492156451757992
12.112980642656808
11.265489357122442
10.805120674906918
10.63965565717979
10.697812976358952
10.916931833093411
11.23671046500821
11.595592527552457
11.928682727634678
12.1665537618253
12.247979095127803
12.103427819117845
41.16305037658616
19.064529789602332
15.744567021043427
13.861089083800133
12.718034764687602
12.071594794779703
11.780029975477804
11.742304928426746
11.873880498181496
12.095921055480245
12.33081688940904
12.50070038030511
12.526306929644115
12.322232816434964
11.754342983195706
9.847742385569118
22.534915524586214
17.978488669085042
15.494956208220367
14.069185480828803
13.277538798665415
12.914100420373934
12.847546367946947
12.972542935679652
13.192239930608432
13.412796205841524
13.543960775774943
13.499832610387074
13.192425025662212
12.522333506687305
11.196579112763757
20.05595963583862
16.915636372942075
15.270150063741537
14.394993887943496
14.031050966587785
14.021363741671554
14.242934433368648
14.581076053951024
14.923375120199903
15.164936838611906
15.241170623535552
14.986357651123846
17.624954622688776
21.793538441566067
18.132577196524245
16.286616864809172
15.39744156601024
15.120678232466846
15.277592033804739
15.736641798651915
16.371330933759896
17.04759146368326
17.69431165351197
18.217186680842406
19.102690119340746
17.075621089447637
16.260640581836423
16.17383777853074
16.639920828824458
17.547569317022045
18.812240058280207
20.239345853933504
23.44125806470124
19.88366513845215
17.661680380999528
16.965448165646915
17.181282330640773
18.14440328283666
19.90513711365094
22.25144929210356
17.98694303654111
17.478750663986084
18.142519635828073
19.882769887415535
23.137613821255712
18.110116329527155
17.807000245901435
19.049683318970896
23.486709925088356
17.856186266728884
-69.235057
-87.697329
-82.051944
-81.116606
-76.406558
-70.761172
-70.347658
-65.115787
-59.57871
-59.470401
-53.825016
-48.809762
-48.17963
-42.534244
-38.040814
-36.888859
-31.243473
-27.271866
-25.598088
-19.952702
-16.502918
-14.307316
-8.661931
-5.73397
-3.016545
0.0
2.628841
5.034977
8.274226
13.919612
15.803925
19.564997
25.210383
26.572873
30.855769
36.501154
37.341821
42.14654
47.791926
48.110769
51.305326
46.25532
46.068704
40.940874
36.595885
35.968398
31.22558
27.765148
26.834471
22.997426
20.844389
20.035346
18.392323
7.969367
-21.714883
-19.819677
-15.774861
-10.558205
-9.83484
-3.894818
-1.296734
0.0
2.045204
7.964738
7.985226
13.925248
17.226209
19.865269
25.805291
26.48768
31.745313
35.749152
37.685335
34.916736
33.569321
29.164039
24.668884
23.504714
18.026916
16.17894
12.962853
9.301184
9.037098
