8.11606
9.100311
10.983598
15.683627
15.83253
21.020956
23.543821
21.68744
17.783691
17.306622
15.255885
14.706345
14.825387
16.655627
16.566444
16.179371
10.608589
5.226854
5.037807
0.0
-0.532976
-6.103758
-6.112736
-11.67454
-17.245323
-17.452327
-18.738907
-13.168125
-12.763096
-7.597343
-2.02656
-1.423505
0.0
3.544222
9.115004
9.916085
14.685787
16.799725
16.98002
18.48396
17.827203
16.630071
12.25642
6.685638
5.290481
1.114856
0.0
6.920150088404298
7.895306747243026
7.659630206727546
6.443030540624876
7.471377486177609
1.886060594033697
4.105648449466395
5.775388245216193
8.051009171290834
-0.4688570895984636
1.7716184324485378
3.578865368837285
5.629054691359337
-2.4806622747578833
-0.2247548364704571
1.5539669434030623
3.2478507890606516
5.577698883767353
-9.30018462551326
-3.7694694011244834
-1.6762323924134135
-0.08531734156748251
1.2497149457300731
2.7415026226709442
-5.075648343334422
-3.6036096565063342
-2.1970362093966602
-1.0565882039422503
-0.1312212286971878
0.6906868980362506
1.6221534735430974
-2.076103341436892
-1.966531141853521
-1.5705177753652462
-1.1302501761236996
-0.7382741842880423
-0.43984483781276557
-0.1884113161856742
1.1929384505732858
0.7157977851578449
0.20302560279847762
-0.11029358301917998
-0.29992123714917046
-0.4612044821368086
-0.7023480986555266
-1.1392677444976291
-1.842578907308509
5.1082703350096175
3.5467545407861563
2.6308506976960895
1.8783496764342988
1.2293090428217937
0.6258260554438533
-0.03148849843448278
-0.8875831434701892
-2.217108844800979
5.601378036086146
4.448140509665244
3.3651320823056463
2.382607597504397
1.4106352031331426
0.2993331050580426
-1.237443163132105
-3.8116960871276593
14.393327010586061
6.507261423166372
4.8931388839607495
3.5085182011148253
2.19023885617695
0.7003660167636901
-1.5176269649592842
9.69093447329074
6.619722981643012
4.668859811497805
3.0369629773951208
1.281700774706243
-1.2105116668123581
8.2235798209259
5.850959901626085
3.982320060182193
2.0163385959851485
12.883022277567362
7.077846507447453
5.082351412002502
3.041512635854696
8.434529243622562
6.451708003593472
5.066015848691383
8.286537999771227
14.603540197272569
17.185384
5.368976
1.121221
0.0
-0.876265
-7.121506
-7.223429
-13.366747
-15.568078
-19.611988
-23.912728
-23.147207
-16.901966
-16.747058
-10.656724
-8.402409
-4.411483
-0.057759
0.0
1.833758
8.078999
8.28689
14.32424
16.63154
14.999993
10.593285
8.754752
2.509511
2.248635
0.0
7.969367
-0.975695
