-68.343786
-65.870118
-63.693577
-61.845542
-60.356196
-59.252592
-58.556545
-58.282659
-58.436869
-59.015819
-60.007218
-61.391087
-63.141625
-65.22932
-67.622951
-70.291271
-73.204249
-76.333881
-79.654634
-83.143611
-86.128605
-83.204839
-80.485737
-77.992708
-75.748076
-73.774519
-72.094302
-70.728332
-69.69509
-69.009522
-68.682041
-68.717766
-69.116134
-69.870943
-70.97082
-72.40004
-74.139561
-76.168124
-76.606558
5.368976
1.121221
0.0
-0.876265
-7.121506
-7.223429
-13.366747
-15.568078
-19.611988
-23.912728
-23.147207
-16.901966
-16.747058
-10.656724
-8.402409
-4.411483
-0.057759
0.0
1.833758
8.078999
8.28689
14.32424
16.63154
14.999993
10.593285
8.754752
2.509511
2.248635
0.0
-21.714883
-19.819677
-15.774861
-10.558205
-9.83484
-3.894818
-1.296734
0.0
2.045204
7.964738
7.985226
13.925248
17.226209
19.865269
25.805291
26.48768
31.745313
35.749152
37.685335
34.916736
33.569321
29.164039
24.668884
23.504714
18.026916
16.17894
12.962853
9.301184
9.037098
-4.310278
-5.897288
-9.868164
-15.435351
-17.225897
-21.004444
-26.574246
-28.563222
-32.144387
-37.714718
-39.901835
-43.285165
-48.855688
-51.24088
-54.426265
-59.99688
-62.580122
-65.567523
-71.138188
-73.919472
-47.766101379389276
-45.542798928565276
-44.199088542985024
-43.310211557449655
-42.71516130676987
-42.35048660313735
-42.18603743513815
-42.20354303594111
-42.38867938912496
-42.727685929495955
-43.20585796055971
-43.80688176865867
-44.51249987668505
-45.30216977133996
-46.15240073577279
-47.035316389322915
-47.91551921876859
-48.74289832723926
-49.43501361635601
-49.848545161000565
-49.85902990918661
-49.626601418572726
-49.290220852143655
-48.92442866354177
-48.575235253285335
-48.27506383760124
-48.048997218936975
-47.91783344748147
-47.89999188403405
-48.013270839779125
-48.27731033661328
-48.71813303424577
-49.37800837003956
-50.33955891022955
-51.78988291732853
-54.29344446056666
-52.88451441828224
-43.61359835321335
-41.76409384725803
-40.67924292597856
-39.991705824958316
-39.57613931219627
-39.371880571437934
-39.34415808715508
-39.4691952941222
-39.72774806707087
-40.102084271751295
-40.57448468034921
-41.12640547609961
-41.73784049865544
-42.38657025955562
-43.04700217355402
-43.6882425648587
-44.27110005010982
-44.74525271914532
-45.055792139085135
-45.17846448676618
-45.15023004441685
-45.030616789577564
-44.86972048005064
-44.70562778406945
-44.5681530148783
-44.48201958511813
-44.46914069989552
-44.550569844329104
-44.74879221191334
-45.09129352181879
-45.61721274933611
-46.39169579105912
-47.5446508934601
-49.41274454507731
-53.56708839818523
-42.32512153743603
-39.84921316542536
-38.5082035634469
-37.7009611896964
-37.21897390963357
-36.97103124278447
-36.906744575938994
-36.9930348520781
-37.20482771157828
-37.520737669158535
-37.92093075664077
-38.38595850919751
-38.895983156579916
-39.43010193956156
-39.96562912504851
-40.477349210989225
-40.93715215265359
-41.315532104827795
-41.58794438980488
-41.74645759817122
-41.805906707580974
-41.79536265759235
-41.74652402698865
-41.68851507012851
-41.64721102864707
-41.64612953456492
-41.707775887606644
-41.85536287909033
-42.115329871407624
-42.521629147817414
-43.12391822316705
-44.004731304050985
-45.32029732390037
-47.49894827781934
-37.9713494804667
-36.41297800956901
-35.502799052285255
-34.9640114916068
-34.682998969008416
-34.596116796591076
-34.66237891505972
-34.851380944628325
-35.13805519493804
-35.50021396963182
-35.91724948885757
-36.369312166669005
-36.83671360609325
-37.29950743951896
-37.73735956482209
-38.13005120168837
-38.45924953174763
-38.712052440977786
-38.885264542236804
-38.987151140467724
-39.03480494199051
-39.04966158494792
-39.05428915690716
-39.071088487950234
-39.122274867101495
-39.23063031945541
-39.42095660375156
-39.72261603613358
-40.17422003218744
-40.83333482872716
-41.8015569015285
-43.306991986863295
-46.30004227771567
-36.89759265676491
-34.25844048735036
-33.246634133146166
-32.68031741505393
-32.38967704276627
-32.30161772939171
-32.36994660308862
-32.560006159588895
-32.84333083844887
-33.19537056894058
-33.59428512243824
-34.02010864376856
-34.45415097871856
-34.87867288332076
-35.27693069805122
-35.633744527238264
-35.93674755031178
-36.17823469456155
-36.35694750198921
-36.47871088975589
-36.5554327530411
-36.603187314787604
-36.64048966825359
-36.687318151039406
-36.76490337767076
-36.896182181373426
-37.106991476752526
-37.428469109506736
-37.901872843768096
-38.58863624750131
-39.59633178539898
-41.22365309618328
-31.794479806869205
-30.815991699382604
-30.28075407889492
-30.01637774811718
-29.9573850309674
-30.055726306306056
-30.274006964665105
-30.58074498314474
-30.949174131358166
-31.356368439876032
-31.78231101726335
-32.20915693039868
-32.62084886897768
-33.00312815152353
-33.343947472398064
-33.6342512469487
-33.86896215254702
-34.04782323761246
-34.1756862686309
-34.262090500151714
-34.32038279681696
-34.36681800653592
-34.41996049642955
-34.50050793381318
-34.63157139460501
-34.83954845590446
-35.15613364980278
-35.62321569673767
-36.30601004125004
-37.32481216258722
-39.12947441198335
-28.14423844257389
-27.673874640888112
-27.49751207723353
-27.51001222237884
-27.674986743440346
-27.95471561662457
-28.314972397288738
-28.727256574634435
-29.168196889208875
-29.618164651592455
-30.06023270095465
-30.47968894998607
-30.863995133132253
-31.203065852208827
-31.489760050574567
-31.720448055871728
-31.89546969635149
-32.01930940950492
-32.10042867638623
-32.15085672736593
-32.185734122113494
-32.222985700634894
-32.28321599902216
-32.389841495766056
-32.569499228071805
-32.853102220645965
-33.2788717026232
-33.90557198071179
-34.90501907428653
-24.25432305615425
-24.754840416738766
-24.75950537807595
-24.903449280382837
-25.18640444261524
-25.57074067002046
-26.020068156607337
-26.506018774742362
-27.006622605778567
-27.503729188992292
-27.98171142129772
-28.427081961526408
-28.828550242583024
-29.177285859410738
-29.4672799107857
-29.69572340842281
-29.863314180885943
-29.97441268088211
-30.037015443499918
-30.06258549037969
-30.06583367602152
-30.06455841112214
-30.079610497698944
-30.134916139779538
-30.25726766640371
-30.475816002171108
-30.822049564590014
-31.31656851677413
-32.01411469859879
-21.358294261111705
-21.667077615820585
-22.065137962214614
-22.54613583751864
-23.094372279396744
-23.67531595452349
-24.26764007437619
-24.85505605773424
-25.42275540875821
-25.95701536188275
-26.44558803502835
-26.878152936378907
-27.24670499429837
-27.54589394444015
-27.77333401821493
-27.929872056162512
-28.019779561769813
-28.050836899092076
-28.034305411682286
-27.98482348006949
-27.920303292401282
-27.86193091136878
-27.834238273770257
-27.86432127796215
-27.977347028813156
-28.19151009469655
-28.549455268974967
-18.118466750357854
-18.876792900723252
-19.707493545059894
-20.502104912273143
-21.263000523676425
-21.996962650989254
-22.700276875395407
-23.363491888428484
-23.97529687616622
-24.524722267912416
-25.002281066445622
-25.400558207681005
-25.714564173758454
-25.942025861153763
-26.083680531925886
-26.14356052710273
-26.12921115863383
-26.051779714208383
-25.92594420887549
-25.769696439809632
-25.604109609563466
-25.453520192815112
-25.34583407061067
-25.303114426725287
-25.272232388976555
-24.98050944531617
-12.522581431484385
-15.128133633991657
-16.646684683780748
-17.773597041072364
-18.763469900189605
-19.677649390407545
-20.529790079881188
-21.3166655547627
-22.029587527884694
-22.658995946354317
-23.196331503660957
-23.63476582252335
-23.969520799385908
-24.198140345397366
-24.320861002220248
-24.34107350238471
-24.26575688768969
-24.105727787827902
-23.87558754178858
-23.593224491068447
-23.278550504678005
-22.95187054594398
-22.63617949587943
-22.36469303147225
-22.11313192818308
-11.278558538878714
-13.316750992612642
-14.86418143935117
-16.142494801058675
-17.2867420246746
-18.32940806005958
-19.274211977185708
-20.115848354951414
-20.84692614878416
-21.46047205786437
-21.95065322307522
-22.312956760212423
-22.544415248696623
-22.64411512495334
-22.613974835021377
-22.459557551538587
-22.19057045618244
-21.82088581831019
-21.3680284449826
-20.85050644145954
-20.278386363981596
-19.637476831473922
-18.90801937337824
-17.864218210951755
-9.523098792581532
-11.648561458217403
-13.334389876084114
-14.789830484174846
-16.08184192096602
-17.228935087298925
-18.232790451565062
-19.090682092148185
-19.799069045346055
-20.35426738493771
-20.752409692104596
-20.989606121600502
-21.0626750057794
-20.970459773244784
-20.715314672459876
-20.30387744014558
-19.746703223065495
-19.058455728869486
-18.2578745035198
-17.3508141787258
-16.239408070508105
-14.56370134873267
-3.7312674521438103
-7.817526399872645
-10.238510119311785
-12.139057136394625
-13.766969813877514
-15.175358608089361
-16.382451954687486
-17.396160357513626
-18.220361815281976
-18.85590195332323
-19.300446550719325
-19.548623794111695
-19.59305458486515
-19.42648265173558
-19.044532417978267
-18.44683155538884
-17.63302973372482
-16.59836884230799
-15.350980861349914
-13.87047080079643
-12.312703676063398
-1.3272864502273096
-3.3794390095119056
-6.669757306407542
-9.268246079230789
-11.36351192339485
-13.111874004656684
-14.571456844423292
-15.773229518594254
-16.736030536892272
-17.46944959627271
-17.97430707129188
-18.242979299339975
-18.26066839444865
-18.008320822889875
-17.467572380921478
-16.624484707123905
-15.45386603102983
-13.868357597264193
-11.695422282128105
-8.990843007492993
13.975419108581784
-2.373877414879528
-6.090186795293917
-8.850877233390422
-11.044462421169891
-12.81270871658188
-14.235690561253923
-15.360166214597301
-16.211102744696728
-16.79509803627872
-17.101312568029954
-17.102582412298048
-16.757825753209346
-16.016925531064505
-14.836817019022751
-13.147436834817293
-10.738499777681243
-4.599144708961171
3.6624197267379204
-2.3511133389210093
-6.220937765013173
-8.99246193526282
-11.126579204548369
-12.800128855818645
-14.106929504610527
-15.096734107700232
-15.786010742986607
-16.159754640902307
-16.171530482259595
-15.743146014730149
-14.754361464847726
-13.006108310710104
-10.686140976788387
4.665456739323725
1.6172568356577781
-3.4858208070297647
-6.988413994783026
-9.5393030454098
-11.482441870960539
-12.98593717801305
-14.13689549770446
-14.968812136004361
-15.462550759604673
-15.541904153706533
-15.06957515843973
-13.828091824452972
-11.236746343523187
13.521812855824754
-0.5745496621035453
-5.079395986708769
-8.075212566016903
-10.290904049781696
-11.994285033020564
-13.327359460223155
-14.356538244745709
-15.067304452519544
-15.328207570601755
-14.921221549687981
-13.046283046522845
2.298328618001872
-3.2145798284897826
-6.740057064202924
-9.21624696871216
-11.104219285972412
-12.63141056593267
-13.931497606790902
-15.075893638034536
-15.782967294982402
-16.609551505962646
-1.499273262304485
-5.514831713863829
-8.218524529473994
-10.244168725811292
-11.951711401324816
-13.585806469593276
-15.478762272168936
2.663767826757428
-4.250308939093791
-7.213348210374217
-9.26128719693622
-11.051567547983108
-13.18507482627663
-3.082852151861887
-6.001624153687562
-7.766809024345376
-7.465357747556594
-4.335715134555368
7.969367
-0.975695
-76.18735
-69.235057
-66.127034
-63.295036
-57.355014
-56.865562
-51.414992
-47.604091
-45.47497
-39.534948
-38.342619
-33.594927
-29.081148
-27.654905
