-103.128858
-99.824126
-96.665148
-93.666672
-90.844593
-88.215842
-85.79819
-83.609952
-81.66957
-79.995084
-78.603486
-77.510017
-76.727423
-76.265274
-76.129408
-76.321566
-76.839287
-77.676063
-78.821732
-80.263068
-81.984479
-79.320735
-76.297002
-73.306811
-69.391833
-65.624421
-62.031465
-58.645041
-55.502963
-52.648998
-50.132375
-48.006178
-46.324196
-45.136119
-44.481539
-44.384067
-44.847335
-45.854351
-47.370451
-49.348736
-51.736213
-54.479114
-57.526619
-60.832968
-64.358279
-63.831949
-63.491055
-56.987993
-64.955535
