-68.06854
-71.935139
-71.322901
-68.307918
-64.148941
-60.11823
-56.243369
-52.558839
-49.1075
-45.941937
-56.168654
-50.144037
-48.846253
-43.30008
-41.523851
-36.456124
-34.20145
-29.612167
-26.879049
-22.768211
-19.556648
-15.924255
-12.234247
-9.080298
-4.911846
-2.236342
0.0
2.410555
4.607615
9.732956
11.451571
8.69371
7.45354
1.371309
0.609583
0.0
-5.951092
-6.234373
-13.07833
-13.273493
-7.425485
-6.751877
-0.581528
0.0
0.570524
6.262428
7.892926
13.106384
15.215327
19.950341
22.537728
26.794297
29.860129
33.638254
37.18253
40.48221
42.39813
