-74.633659
-71.90668
-69.43312
-67.240952
-65.358497
-63.801321
-62.605196
-61.791686
-61.376009
-61.366248
-61.762596
-62.557336
-63.735564
-65.27652
-67.155238
-69.344271
-71.815249
-74.540136
-77.492153
-80.646362
-83.979984
-87.472508
-91.105661
-94.863288
-97.614627
-96.720719
-96.079027
-95.694625
-95.570619
-95.708021
-96.105709
-96.760473
-97.667145
-98.818789
-100.206961
-101.821987
-103.653263
-105.68955
-107.919243
-110.330616
-112.912032
-115.652103
-118.539828
-121.564686
-122.185225
-121.404646
-117.551617
-113.787861
-110.122532
-106.565786
42.798396
44.968576
40.481667
37.678879
33.705768
30.270372
26.929868
22.861864
20.153969
15.453356
13.37807
8.044849
6.60217
0.636341
0.0
-0.173729
-6.772166
-6.949629
-13.725528
-14.180674
-20.501427
-21.589182
-27.277327
-28.997689
-34.053226
-36.406197
-40.829126
-43.814704
-47.605025
-51.223212
-54.380924
-58.63172
-61.156824
-66.040227
-67.932723
-73.448735
-74.708622
-80.857242
-81.484522
-88.260421
-88.26575
-95.036321
-95.674258
-101.81222
-103.082765
-103.1674
