-86.787721
-91.191798
-95.65448
-96.553336
-94.479533
-92.629464
-91.016774
-87.570731
-84.077467
29.248242
30.818403
31.435645
33.441533
35.770663
36.184928
38.20004
38.559582
41.029076
42.979578
44.517131
48.240221
48.14614
42.147318
39.396865
36.05443
30.647625
29.961563
23.868734
21.898462
17.775983
13.14953
11.683431
5.591729
4.402204
0.0
-0.460295
0.0
0.51753
2.143
7.926038
8.918899
15.334545
15.694799
22.470698
22.743053
-1.21702
-3.077577
-8.104121
-10.348187
-14.991222
-17.618798
-21.878324
-24.889408
-28.765425
-32.160019
-3.773701
-7.217589
-11.093995
-14.060733
-18.415964
-20.904409
-25.738179
-27.748223
-33.060477
-34.592093
-40.382812
-41.435992
-47.705167
-48.279908
-55.027534
-55.123833
-61.967765
-62.34991
-68.811702
-69.672291
-75.655643
-76.994675
-82.499586
29.124658
-1.086526
-83.868375
