-87.751217
-84.590933
-81.614801
-78.843678
-76.299905
-74.006927
-71.988715
-70.268947
-68.869985
-67.811685
-67.110166
-66.776675
-66.81672
-67.229636
-68.00863
-69.141331
-70.610717
-72.396293
-74.475319
-72.112088
-67.71891
-63.415679
-59.222004
-55.16288
-51.270272
-47.585064
-44.15921
-41.057683
-38.359233
-36.154229
-34.53731
-33.593501
-33.379946
-33.910445
-35.151327
-37.031247
-39.458976
-42.340386
-45.589536
-49.133525
-52.226325
-55.330141
-58.696337
9.316177
12.086722
13.309007
18.047008
23.075651
24.031446
28.240098
33.477559
36.916589
38.758445
43.92774
45.389792
45.600084
47.424113
47.406549
44.262622
42.010888
36.615226
31.219565
30.960317
25.823904
20.428243
17.658012
15.032582
9.636921
4.355707
4.24126
0.0
-1.154402
-6.550063
-8.946598
-11.945724
-16.365977
-20.044522
-20.438671
-25.017187
-29.869823
-31.734311
-83.679317
-76.996645
-76.903418
-70.127518
-69.588137
-63.351619
-62.17963
-56.575719
-54.771122
-49.79982
-47.362614
-43.023921
-39.954107
-36.248021
-32.545599
-29.472122
-25.137091
-22.696222
-17.728584
-15.920323
-10.320076
-9.144424
-2.911569
-2.368524
0.0
4.407375
4.496939
-84.405152
7.882114
