-33.03705
-30.028854
-27.604665
-25.928806
-25.15131
-25.354956
-26.51715
-28.520951
-31.204649
-34.409527
-38.00396
-41.887783
-45.987735
-50.250943
-54.639205
-59.124683
-63.161585
-59.995778
-57.092914
-54.49503
-52.247639
-31.222121
-27.697483
-23.95151
-20.810382
-16.6809
-13.92328
-9.410289
-7.036179
-2.139678
-0.149078
0.0
5.130932
6.738024
12.401543
13.625125
19.672153
20.512226
26.942764
27.399328
27.778025
27.747286
25.630813
25.574998
25.275079
25.342966
26.750421
26.822018
27.300034
27.611956
26.472909
24.628417
19.585807
17.357806
12.698706
10.087196
5.811605
2.816585
0.0
-1.075497
-34.584584
