-68.06854
-71.935139
-71.322901
-68.307918
-64.148941
-60.11823
-56.243369
-52.558839
-49.1075
-45.941937
-56.168654
-50.144037
-48.846253
-43.30008
-41.523851
-36.456124
-34.20145
-29.612167
-26.879049
-22.768211
-19.556648
-15.924255
-12.234247
-9.080298
-4.911846
-2.236342
0.0
2.410555
4.607615
9.732956
11.451571
8.69371
7.45354
1.371309
0.609583
0.0
-5.951092
-6.234373
-13.07833
-13.273493
-7.425485
-6.751877
-0.581528
0.0
0.570524
6.262428
7.892926
13.106384
15.215327
19.950341
22.537728
26.794297
29.860129
33.638254
37.18253
40.48221
42.39813
9.255179530945375
11.67207473365233
5.968406186086548
8.547893275341766
11.687946539257307
15.72328617926658
21.23220118957508
4.2901954735362136
6.8115248692025325
9.957662612673955
14.081848328766833
20.226719564188528
2.2755028098207815
4.544767605928167
7.410100174997656
11.157649311020995
16.924427103637832
-1.361261669456916
0.17570119295633857
2.0802868328998514
4.522075938947795
7.747286246023718
12.997032591354891
-3.010146182017418
-1.8085342325558442
-0.3250239369044061
1.590097384829324
4.180578450889023
8.752680504261024
-5.19909919949555
-4.379942338147782
-3.510875156464432
-2.4728498676364192
-1.1101135123067092
0.7292195364775413
4.261153599534035
-6.140851792842366
-5.385879297718886
-4.741164665474715
-4.147157886742059
-3.4333254988045705
-2.305295087150975
-0.2953771487296141
-8.027345067163166
-7.004155014677515
-6.11899887110124
-5.434712622752483
-5.014102452664695
-4.900162631043699
-4.850341819148301
-5.746179280546436
-9.255119883187747
-8.006834362508696
-6.852630772432844
-5.873500878858637
-5.184133974708789
-4.960703281173381
-5.438767509033528
-12.038255529073918
-10.811610799909486
-9.340765191734494
-7.882452403707419
-6.497065155390716
-5.28682293330342
-4.39856804010182
-4.123160320147924
-14.316946259761199
-12.756469639946108
-11.115440242415838
-9.405668074958628
-7.647527530135208
-5.877811789314895
-4.173745509585509
-2.8809283577197555
-16.71314004660515
-15.093503684698389
-13.357319418306256
-11.490783442699247
-9.482299524045947
-7.317546038087095
-4.893714417657793
-2.3384117923321077
-20.974924449024332
-19.42940858044881
-17.786798847375735
-16.02594421908805
-14.113107934894122
-12.00052767603417
-9.622929832696252
-6.904136108713623
-3.7414017429969153
-24.098868521703725
-22.47218964360436
-20.79577425157316
-19.040384187992718
-17.16047443421094
-15.095008656310167
-12.751911837259788
-9.943842101137895
-6.221924204184189
-29.866403326388205
-27.830475548567264
-25.928633449450096
-24.120610778585466
-22.336528404192983
-20.504319251828772
-18.548702841155958
-16.381992148350204
-13.875388615123589
-10.789478394004423
-32.93910834340657
-30.060803568953624
-27.843487989803467
-25.900830247162745
-24.066185449298786
-22.218713580997274
-20.252059755105826
-18.056416168896426
-15.432804424153586
-35.320464150560994
-32.147873132023044
-29.779461288257313
-27.810777702761985
-26.02345309248008
-24.256222534031508
-22.38447159704292
-20.286431104734262
-37.37117017764581
-34.09707916939303
-31.742104400306886
-29.89784272590212
-28.307777531552766
-26.78369800942508
-25.381777734355722
-39.32773737000758
-35.99420270437169
-33.79998931463262
-32.2971692357479
-31.151867666405995
-30.745293293399772
-41.26123973893949
-37.891928316276186
-36.074678521716386
-35.30198166106224
-36.44819447312166
-43.221695295339636
-39.795671528582794
-38.65352105816525
-42.63233014218438
-45.48663796930629
-41.49443064227372
-46.65572667154004
-53.016503955849615
-42.202191564460996
