29.246598
30.151561
36.022497
37.560068
42.432203
42.872635
43.285701
44.561859
45.171799
46.947532
47.162876
48.524385
48.792839
51.111606
51.291567
47.469585
47.420153
40.625629
40.097752
33.781672
32.775351
26.937716
25.45295
20.09376
18.130549
13.249803
10.808148
6.405847
3.485747
0.0
-0.403046
17.776273894496654
22.458048399664055
30.734278259931685
27.509176700207696
34.725986618865946
33.02479002854851
38.42381240009938
39.309827303971474
40.44772329662383
41.230503599942296
47.19516649380204
41.038557710888746
42.39098636250715
39.74457597525284
40.91381586286568
42.310615122460575
38.97779693723354
40.2939739618439
41.73283866869927
32.11239387147983
37.35234511699503
39.24358212274842
40.79993358965643
37.50030488013886
39.74473885998031
42.391087
