-103.128858
-99.824126
-96.665148
-93.666672
-90.844593
-88.215842
-85.79819
-83.609952
-81.66957
-79.995084
-78.603486
-77.510017
-76.727423
-76.265274
-76.129408
-76.321566
-76.839287
-77.676063
-78.821732
-80.263068
-81.984479
-79.320735
-76.297002
-73.306811
-69.391833
-65.624421
-62.031465
-58.645041
-55.502963
-52.648998
-50.132375
-48.006178
-46.324196
-45.136119
-44.481539
-44.384067
-44.847335
-45.854351
-47.370451
-49.348736
-51.736213
-54.479114
-57.526619
-60.832968
-64.358279
-63.831949
-63.491055
-56.987993
-68.64643660345057
-68.90003784735678
-68.38944409374452
-68.65954505996632
-68.92859254135867
-69.19537515284406
-68.10048528650829
-68.3875578311134
-68.67465288844501
-68.9603565058058
-69.24336035967892
-69.52246590396395
-67.77649523528173
-68.0808869950113
-68.3866681896514
-68.6921670241383
-68.99583622173286
-69.2962661485293
-69.59218774383442
-69.88246581802798
-67.41414816208912
-67.73599637840452
-68.06099519977947
-68.38714829199179
-68.71259657551096
-69.03564606679673
-69.35478260991339
-69.66867301557076
-69.97615332910567
-70.27620612058188
-67.00989130558054
-67.34898490477042
-67.69352256633616
-68.04111010309667
-68.38948840984847
-68.73658290223075
-69.08053779212901
-69.41973291892772
-69.75278235472406
-70.07851570115317
-70.39594465773105
-70.7042188268161
-66.56004434556647
-66.91561746394521
-67.2796340686484
-67.64923226656597
-68.02165609802192
-68.39433360212715
-68.76493980435978
-69.13143976653598
-69.49210831469712
-69.8455251569734
-70.19054654778743
-70.52625705868157
-70.85190698534684
-71.16684217086497
-66.06099796693447
-66.43144008847888
-66.81423443576148
-67.2060015319683
-67.60339716947428
-68.00322443257055
-68.40253440204116
-68.79870769631088
-69.18950977965702
-69.57311490114866
-69.94809650888016
-70.31338558279667
-70.66820189070334
-71.0119660218409
-71.34420172532657
-71.66443845631147
-65.14813292942698
-65.50954819535195
-65.89202237214855
-66.29188425423287
-66.70522969320433
-67.12806287406877
-67.55644341684483
-67.98663076394791
-68.41521562302735
-68.83922736941673
-69.25620692012372
-69.66423709088517
-70.0619267652918
-70.44835065469692
-70.82295186294164
-71.1854186887037
-71.53554930775866
-71.87311806058348
-64.54110527638764
-64.90340053098407
-65.29337192487637
-65.70709841462545
-66.14021372209442
-66.58806526579845
-67.0458909877096
-67.50900667586264
-67.97299329510277
-68.43387066538305
-68.88824161473616
-69.33339071546327
-69.76732483956982
-70.18874914614457
-70.59698064285988
-70.99181006396444
-71.3733292333889
-71.74174392523068
-72.0971914637435
-72.43957905566157
-63.88674294083074
-64.24186867877879
-64.63255878531406
-65.05486114920654
-65.50410597271527
-65.97507025410253
-66.46217213622499
-66.95969098685794
-67.4620058157974
-67.9638397212802
-68.46049231671803
-68.94803721832326
-69.42345998477317
-69.88471550303196
-70.33069340370797
-70.76109395093609
-71.17623105673252
-71.57678920689511
-71.96356453681076
-72.33721738780326
-72.69805699679661
-73.04587167426588
-63.189669237448484
-63.52677917319394
-63.9085717050726
-64.33139572649979
-64.79055380890598
-65.28045949424401
-65.79483321262487
-66.32693652673005
-66.86984323419168
-67.41674168752746
-67.96125514134334
-68.4977568713296
-69.02164682900028
-69.52955091668007
-70.01940719119439
-70.49041788836892
-70.9428696507199
-71.37784902077559
-71.79689693503892
-72.20164951140924
-72.59350442731261
-72.97333865273707
-73.34129046637985
-73.69661025970711
-62.45861043537547
-62.76358210477185
-63.12340816240644
-63.5351992758
-63.994637972761524
-64.49612018591527
-65.03293958682048
-65.59751573803393
-66.18167011706424
-66.77695429579478
-67.37502994988246
-67.96808938018697
-68.54928818825873
-69.11314221030595
-69.65582609624808
-70.1753108202885
-70.67129942200322
-71.14496193908735
-71.5985160142826
-72.03472845069194
-72.45641454387626
-72.86599200928042
-73.2651191645826
-73.65442491505904
-74.03332617230228
-74.39992622930963
-61.707684849580374
-61.96266916917068
-62.28338684134436
-62.66832259162456
-63.11409154269252
-63.61556425589386
-64.16603639116822
-64.75743988952091
-65.38059997586899
-66.02554914356256
-66.68191310068426
-67.3393803744962
-67.98825267145227
-68.62004552683804
-69.22807208308376
-69.80790843456849
-70.35762662482087
-70.87771265437638
-71.37066440541321
-71.84035461669134
-72.2912966214407
-72.72794260166206
-73.15409529345007
-73.57246017750975
-73.98432902997945
-74.38937135682816
-74.78551211082488
-75.16888582191517
-60.95792194369597
-61.14092220631253
-61.4006776570906
-61.73785698768273
-62.15073240452364
-62.635296179374556
-63.18542644588695
-63.79308930973615
-64.44857377746857
-65.14076737380294
-65.85749357078403
-66.58594388500198
-67.31324024644596
-68.02714711042114
-68.71691093877718
-69.37413930201936
-69.99355698496761
-70.5734263218094
-71.11545305671072
-71.62415059119552
-72.10583105533799
-72.56749381749242
-73.01583825998566
-73.45650791665724
-73.89356871695495
-74.32917177753127
-74.76334166730388
-75.19384395377747
-75.61610793776818
-76.02320798323862
-60.23910362813401
-60.32356260411875
-60.495075358236065
-60.757595349641605
-61.112009118291375
-61.55626377117276
-62.0855532615041
-62.69253917549649
-63.36759054712216
-64.09903649299082
-64.87344069682187
-65.67592979625812
-66.49063523640079
-67.30132800737007
-68.09231601591922
-68.84961516363674
-69.56229737983806
-70.22377135804653
-70.8325948948906
-71.39240186291894
-71.91083594501103
-72.3978589789285
-72.86401302756086
-73.31903947804949
-73.77096037420839
-74.22553893933635
-74.68598417684949
-75.15278339898823
-75.62358397222228
-76.09308143497529
-76.55290583347107
-76.99154198753666
-59.59210999715228
-59.54644602424802
-59.59608565916654
-59.74984348716105
-60.01252849950512
-60.3851377619774
-60.865106337948404
-61.44658753517189
-62.12074604675523
-62.87604457737095
-63.698508209221295
-64.57196797158822
-65.47832079686366
-66.39789858261922
-67.3101006866868
-68.19446525146041
-69.03227616715307
-69.80863705859
-70.51471673757987
-71.14944956522992
-71.7196258678984
-72.23794579175484
-72.71995717975892
-73.18124930198175
-73.63558890951624
-74.09394498889404
-74.56407954368342
-75.05041459612741
-75.55398832462683
-76.07239327515435
-76.59963740385876
-77.12589988805372
-77.63719053993765
-78.11499658692469
-59.0721107500256
-58.85905672485566
-58.74540205922148
-58.747279322338336
-58.875285006507966
-59.1349510655392
-59.52716583947014
-60.048566300521294
-60.69193067006914
-61.44656773573497
-62.29867167906313
-63.231602164555525
-64.22606386522617
-65.26020554277098
-66.30975347574204
-67.34844754567116
-68.34918259294493
-69.28614510461082
-70.13790911779961
-70.8913911209376
-71.54576580703421
-72.1133318428179
-72.6154752233137
-73.07653723848995
-73.51922500211037
-73.9624066579173
-74.42045848328162
-74.9032941638063
-75.41658474586873
-75.96194505756024
-76.5369861203016
-77.13517492252478
-77.74544865012355
-78.35152983791738
-78.9309191047862
-79.45368888319042
-58.75313920850924
-58.328615423812
-57.999673855515915
-57.79427570331948
-57.731601738739734
-57.82374539384919
-58.076675532040056
-58.49083965597849
-59.06166976563952
-59.780100004682886
-60.63309562283725
-61.60412860273239
-62.673509538716274
-63.81849013273742
-65.01308872861537
-66.22770414424144
-67.4288874867943
-68.5801943931758
-69.6450344057655
-70.59090186766338
-71.39556571193701
-72.05714776311108
-72.59873367837808
-73.05806288424374
-73.47363209176484
-73.87777253650447
-74.29525933197118
-74.74394042618968
-75.23570707912488
-75.77729219180401
-76.37078884777769
-77.0138751428443
-77.69972125183696
-78.41650663416648
-79.14640339814481
-79.86379098078793
-80.53240287067005
-81.10131606064625
-58.73328946107903
-58.045746463667676
-57.43232992619021
-56.94480895105063
-56.61555931189797
-56.46587875435245
-56.50892716066416
-56.750812272398385
-57.19114848556594
-57.823598674489794
-58.63654951146661
-59.613878188765725
-60.73566954478081
-61.978707277281714
-63.31655841792356
-64.71906484192536
-66.1510624687005
-67.57041820782398
-68.92710256869167
-70.16796242324638
-71.24279116164327
-72.10675039379464
-72.74904868830262
-73.21922360599412
-73.58983257481326
-73.92155503778591
-74.25808951937637
-74.62975304151232
-75.05706880964652
-75.55318265621126
-76.12536170143233
-76.77587378586011
-77.50241551149509
-78.2981340890052
-79.1511716431586
-80.04351141885003
-80.94865589740284
-81.82719487461262
-82.61845409568097
-59.11420925491097
-58.129878096368024
-57.12455082144709
-56.239126216295396
-55.528238632665705
-55.025412813254576
-54.753496848941396
-54.72688736047462
-54.951904887802435
-55.42695755020459
-56.14305492740845
-57.08477271445752
-58.23149770429534
-59.558655579556515
-61.038609146384495
-62.64093864299011
-64.33176716133555
-66.07150985228121
-67.80961189394668
-69.4745047012135
-70.98080664681666
-72.26565707582769
-73.22232065944569
-73.77197253960266
-74.06860863077596
-74.26501827045053
-74.44886630424267
-74.67223127421789
-74.96790245883992
-75.3568753881727
-75.85205149659193
-76.46021954054149
-77.18317386275862
-78.01832227823914
-78.95889689194664
-79.99372351880609
-81.10632954912495
-82.27285590799575
-83.45750006217429
-84.60220214488007
-85.60103620887607
-60.576543346180124
-58.582396595224985
-56.69257675716959
-54.95741133212918
-53.45213723512961
-52.225692008210004
-51.31626100453892
-50.75380842002887
-50.55875673437903
-50.740055225868545
-51.29414020245099
-52.2054884371738
-53.44870704682609
-54.991503246670845
-56.7976895819242
-58.82953637236619
-61.04909342778219
-63.41824641953324
-65.89702758565159
-68.43806430156536
-70.96334744709802
-73.08516640368141
-75.03183446113236
-76.54560798413603
-76.35574267344754
-75.99708677280749
-75.67048531580667
-75.4513150446736
-75.37998921658343
-75.48097252562371
-75.76919020489123
-76.25281307265854
-76.93473670977377
-77.81353291511992
-78.88415097994424
-80.13845951442359
-81.56562508259006
-83.15223355098694
-84.88197069034184
-86.73439119838156
-88.68150527979088
-90.677833773942
-92.6236678690117
-64.955535
