-43.125126
-40.260102
-36.485082
-39.526878
-38.673163
-32.580221
-30.777542
-26.487279
-22.028206
-20.394336
-14.301394
-13.27887
-8.208452
-4.529533
-2.11551
0.0
3.977432
4.219803
10.070374
12.969139
16.163316
21.718475
22.256258
19.222473
17.103862
13.129531
8.354526
7.036589
0.943647
0.0
-0.39481
-5.149295
-1.749867
0.0
0.348224
6.441166
6.999469
12.534108
15.748805
18.62705
24.498141
24.719992
29.825739
29.309026
28.90317
29.10427
7.4736128955839645
8.063699090476034
7.2908327003518645
8.0498691597822
8.81099333889671
9.51454092342218
6.851740452503282
7.71166461112228
8.658880281967512
9.660683853181206
10.646199911660737
11.488490310128151
6.208397854882825
7.06913739417979
8.086508801856237
9.27005739044028
10.6032735370928
12.025486983169777
13.384945719028241
5.467023573341831
6.22638517946933
7.1733347413846325
8.36006677746688
9.827717956111892
11.600269089012158
13.676547300951974
16.02622896033807
18.098542478663735
4.761917868457195
5.346881745748801
6.0954339604011665
7.1003421891853575
8.455383700693508
10.247309748208082
12.606644947582485
15.529635722220839
20.797042558604605
4.214528201116501
4.617105262409757
5.091739866676752
5.756408364150959
6.76302218259691
8.273544056171543
10.451152831717971
13.381280976059983
3.877034181295142
4.183027191467336
4.418246421043994
4.6762017359765
5.124057196355393
6.033331884204289
7.647415554791027
10.498826228979304
3.122989697927312
3.6839624106197095
4.063418869205398
4.234579245936966
4.211431075634391
4.089566445875916
4.050159537522201
4.586228030938576
6.5893735491596495
2.6168635181931768
3.4484920935395067
4.097368523417786
4.4750821532990885
4.502038508484439
4.1086786519112035
3.3453780719421036
2.308181792430093
1.7565630582282306
2.912822667348157
3.9748360575465456
4.820642174149193
5.294110355681348
5.240100476487709
4.49010128774712
1.770791785489903
0.4188948533069334
1.8457915423655402
3.3281362332275486
4.7858279190527915
6.043675102736532
6.897940239645111
6.902838289498427
-1.4124763642488254
0.16280753615935992
1.9107122991778243
3.850214627009604
6.02173451811554
8.113967233082414
11.137137719550305
-3.69604665373842
-2.0733912932122633
-0.23823773358186767
1.8844454177091678
4.454313954069042
7.546867535658918
-6.409283376383557
-4.803439176865501
-2.954270669141617
-0.8314934308207594
1.65152996635785
5.474789797825268
-9.538499990004588
-8.030270466652516
-6.245512935995275
-4.137821362230059
-1.6660300816790374
3.4539647084489458
-13.105311705564528
-11.717916143142247
-10.100163576171553
-8.238567269720756
-5.920234043810735
-17.47969293820529
-15.920188606828091
-14.453957650458998
-12.830874845863699
-12.123655236283485
-21.209720768876128
-19.341147477785192
-18.018073257150554
-24.751819912976302
-25.334083983567076
-44.766105
