-87.751217
-84.590933
-81.614801
-78.843678
-76.299905
-74.006927
-71.988715
-70.268947
-68.869985
-67.811685
-67.110166
-66.776675
-66.81672
-67.229636
-68.00863
-69.141331
-70.610717
-72.396293
-74.475319
-72.112088
-67.71891
-63.415679
-59.222004
-55.16288
-51.270272
-47.585064
-44.15921
-41.057683
-38.359233
-36.154229
-34.53731
-33.593501
-33.379946
-33.910445
-35.151327
-37.031247
-39.458976
-42.340386
-45.589536
-49.133525
-52.226325
-55.330141
-58.696337
9.316177
12.086722
13.309007
18.047008
23.075651
24.031446
28.240098
33.477559
36.916589
38.758445
43.92774
45.389792
45.600084
47.424113
47.406549
44.262622
42.010888
36.615226
31.219565
30.960317
25.823904
20.428243
17.658012
15.032582
9.636921
4.355707
4.24126
0.0
-1.154402
-6.550063
-8.946598
-11.945724
-16.365977
-20.044522
-20.438671
-25.017187
-29.869823
-31.734311
-83.679317
-76.996645
-76.903418
-70.127518
-69.588137
-63.351619
-62.17963
-56.575719
-54.771122
-49.79982
-47.362614
-43.023921
-39.954107
-36.248021
-32.545599
-29.472122
-25.137091
-22.696222
-17.728584
-15.920323
-10.320076
-9.144424
-2.911569
-2.368524
0.0
4.407375
4.496939
-59.66096228947328
-56.679937816076915
-54.41552576401546
-52.55026953636524
-50.9182500885638
-49.461270889423616
-48.1532500612238
-46.98060727846939
-45.934731953777124
-45.00847115080339
-44.19414365336941
-43.48214500135623
-42.85965705296731
-42.30900435708235
-41.804888141598546
-41.308717301521845
-40.75516882805244
-40.01980080403309
-38.942504801248006
-37.5787419714141
-36.07797071210439
-34.541008372679954
-33.02845985011207
-31.5830844302274
-30.239101344276882
-29.02629125474103
-27.971963639707045
-27.101784567994585
-26.43970394978956
-26.006889423141406
-25.819463519504406
-25.885246969789552
-26.200708756375718
-26.749784937711645
-27.505314862817624
-28.431375445987765
-29.482141224213215
-30.59704186122696
-31.69150870990788
-32.63259120366845
-33.19887259054739
-55.59684840776631
-52.31324228901319
-49.89975519791767
-47.97446260337756
-46.3393537691309
-44.907494353869055
-43.63277920931367
-42.487158969994766
-41.45096083762106
-40.50813688222977
-39.64356602920264
-38.84119375613758
-38.08233720988721
-37.343610515458614
-36.59393530503037
-35.790776164381725
-34.88104420904606
-33.826530907414366
-32.64250319513691
-31.383925807317294
-30.108938777877896
-28.864920945720154
-27.689399414382976
-26.612899354034063
-25.660976915589227
-24.85551170780939
-24.21555832411594
-23.75795489835192
-23.497688225573356
-23.447060913044172
-23.612181884753703
-23.988162663862433
-24.556584150878766
-25.287556725544334
-26.146249551996313
-27.085829128084605
-28.02021647458159
-28.842611223348122
-29.476606637549697
-63.64871771601389
-51.51589473146826
-48.351313037062276
-45.98631770563317
-44.08258496079255
-42.46584767938138
-41.048998449792286
-39.7807696958348
-38.62708432360962
-37.562579759160435
-36.566236491516996
-35.618848458060526
-34.70133798853989
-33.7934516429521
-32.87281808170075
-31.915244022970352
-30.898812707235994
-29.81398703346455
-28.67284176393011
-27.50591865315142
-26.350900542809104
-25.244149357138106
-24.2174540798464
-23.297443412136225
-22.505854227231232
-21.860111266871797
-21.37417285512642
-21.059717873494783
-20.928900487939725
-20.997403211662544
-21.278809934752083
-21.772222893884745
-22.457660368763136
-23.29532046029297
-24.258059559177255
-25.347109468457965
-26.443732947982248
-27.092038799537065
-54.81556678974543
-47.37091254908363
-44.44693486577636
-42.210355742365266
-40.37418900022145
-38.79447284589401
-37.39225954516894
-36.11735237583003
-34.93422303870299
-33.81544957665068
-32.73834510731225
-31.683159788488446
-30.6321911284185
-29.569661946235904
-28.48269369354517
-27.363928524926575
-26.2154241976927
-25.051221323055803
-23.89583402455741
-22.779506238719332
-21.733250600260526
-20.785369445857285
-19.959644284495283
-19.274568130907152
-18.743264725613066
-18.374789338680895
-18.174394058783495
-18.14769792640536
-18.321557584304287
-18.73822093764525
-19.4037923186961
-20.30877561349283
-21.383882112277163
-22.564704051677626
-24.110446553974555
-27.120901197933197
-48.237018506303116
-43.17893528058586
-40.532257306900874
-38.451420400896154
-36.7005345140273
-35.162719739849436
-33.76881328448019
-32.47208367917289
-31.23806469048745
-30.039951255589635
-28.856503620267052
-27.671277772678252
-26.472672507689023
-25.25463909758132
-24.017968944043307
-22.77170516766869
-21.53366395962443
-20.32916163194213
-19.18814794965838
-18.14154470522539
-17.217259290114526
-16.437833758827274
-15.819740276858548
-15.370448858889118
-15.094266791615725
-14.992336521957508
-15.035342294178367
-15.255368557370458
-15.821466649923915
-16.68759388818089
-17.91097909658482
-19.34434416744927
-42.648040861938796
-38.95572708650482
-36.5895424098012
-34.666527098782055
-33.000244167447086
-31.496377331993475
-30.095124243931803
-28.754043926967633
-27.441266775025895
-26.13288591684332
-24.81222653624576
-23.469897731003535
-22.104130418537896
-20.72120168312927
-19.335752975183155
-17.97067114440656
-16.65577588348117
-15.425413063008909
-14.31594260179537
-13.358561551289046
-12.573632071768122
-11.981239828547222
-11.577048204904086
-11.341126349730871
-11.33835603976251
-11.404782689907016
-11.350753634857549
-11.923029973255826
-12.417146548096072
-37.5549561041419
-34.7130217511134
-32.61281161531068
-30.834607422598655
-29.238062862952937
-27.747273884135005
-26.310541365892792
-24.88962428209824
-23.456354476748942
-21.99216892536333
-20.488262606569513
-18.94555891565712
-17.374482857288978
-15.7945058109681
-14.23443553065215
-12.73159342406443
-11.326390171198069
-10.067900813245386
-9.003853579430727
-8.124163641121878
-7.473100129320491
-7.080363331855352
-6.5890343545314405
-6.604866294513672
-6.475326537760493
-32.73053738983296
-30.45800944955154
-28.59630423126031
-26.936992666039654
-25.38068427048513
-23.865655482771224
-22.34568925029191
-20.78600733471806
-19.16409897913189
-17.470194426679935
-15.706414638199956
-13.886320210234773
-12.032173678923666
-10.17567918809197
-8.369379992666559
-6.650867371229605
-5.062142669567004
-3.7859881670625786
-2.618085166391973
-1.3812328173574722
-1.0858496166207885
2.375347787671361
-28.05794810803738
-26.190987065780735
-24.526513233567528
-22.944716751892837
-21.379441580760346
-19.775443971889107
-18.087348443471083
-16.285874786779743
-14.359121832169272
-12.306749199677492
-10.143790254673323
-7.894804354375096
-5.558031210688004
-3.2304980551386633
-0.9898131997874762
1.586244199540385
3.4158454146015687
5.425905298560813
26.067735942910048
-23.469240165419393
-21.897974652142057
-20.37104263785549
-18.804336643791753
-17.143839700092325
-15.325179452959913
-13.307526905197507
-11.081115119755989
-8.6301829328349
-5.942874539134004
-3.116765226707003
0.07932666433877876
3.7878577876272126
6.715277606741507
14.648383114847134
-18.906297874207606
-17.530954524076172
-16.066930155616593
-14.405850581955386
-12.453711089582546
-10.141203283528604
-7.48766164221472
-4.480990313869905
-0.7081045984633916
3.153437799144381
8.073062274075415
32.01469128359344
-14.237779541591228
-13.010350179100293
-11.484433494959088
-9.390550087675345
-6.594503038871058
-2.9853193308496095
0.6601881847704507
8.31549515717435
-9.42294279094758
-8.174633650338894
-5.784876068232895
-2.134201000803455
11.721941422447186
3.2725110093111827
-3.594686742597767
-84.405152
7.882114
