-74.633659
-71.90668
-69.43312
-67.240952
-65.358497
-63.801321
-62.605196
-61.791686
-61.376009
-61.366248
-61.762596
-62.557336
-63.735564
-65.27652
-67.155238
-69.344271
-71.815249
-74.540136
-77.492153
-80.646362
-83.979984
-87.472508
-91.105661
-94.863288
-97.614627
-96.720719
-96.079027
-95.694625
-95.570619
-95.708021
-96.105709
-96.760473
-97.667145
-98.818789
-100.206961
-101.821987
-103.653263
-105.68955
-107.919243
-110.330616
-112.912032
-115.652103
-118.539828
-121.564686
-122.185225
-121.404646
-117.551617
-113.787861
-110.122532
-106.565786
42.798396
44.968576
40.481667
37.678879
33.705768
30.270372
26.929868
22.861864
20.153969
15.453356
13.37807
8.044849
6.60217
0.636341
0.0
-0.173729
-6.772166
-6.949629
-13.725528
-14.180674
-20.501427
-21.589182
-27.277327
-28.997689
-34.053226
-36.406197
-40.829126
-43.814704
-47.605025
-51.223212
-54.380924
-58.63172
-61.156824
-66.040227
-67.932723
-73.448735
-74.708622
-80.857242
-81.484522
-88.260421
-88.26575
-95.036321
-95.674258
-101.81222
-103.082765
-64.79300813885227
-67.84871094339364
-63.434765173810895
-64.47188619031326
-66.60022082983843
-61.88429202892888
-62.53433065290945
-63.23160058063227
-64.02744253303854
-65.43112532495587
-61.227428980145156
-61.82876347429775
-62.417872141184596
-62.99956733954368
-63.586407076304326
-64.41467525408714
-59.94070464169714
-60.58350542606762
-61.19609924704807
-61.77332332506797
-62.30869069326101
-62.792885661742886
-63.211967843971536
-63.58452785957781
-59.2083264129967
-59.902530555845786
-60.561202061319655
-61.176428893830554
-61.73856430084295
-62.23479683045871
-62.64627105857543
-62.94030085454695
-62.96771410451182
-58.38312244496407
-59.14494188567929
-59.87118439355374
-60.55306607735464
-61.18031975462565
-61.74021721845711
-62.2157966931312
-62.581998613779156
-62.79335741225892
-62.58055790428291
-56.57277282604997
-57.4376796573386
-58.27809942044976
-59.085755349677825
-59.85172368846818
-60.56598536682655
-61.21676527700394
-61.7894708942408
-62.26474059296183
-62.61397100139986
-62.78416049740188
-62.4327711374047
-55.40009694996086
-56.34692233239647
-57.27382105587813
-58.172294425286054
-59.03351022332524
-59.84794880663535
-60.60493200359782
-61.29195047920552
-61.893595980041525
-62.38957608076738
-62.75004446676485
-62.91938734902807
-62.52833483338679
-54.052477108736134
-55.08670279400474
-56.106390702494345
-57.102742465754844
-58.06699064540252
-58.99009419355719
-59.86237117893895
-60.67303160748682
-61.40953185918529
-62.05656691470987
-62.59419915230152
-62.99342849472108
-63.200749389958375
-62.86583714735135
-52.50514449053253
-53.63223554604375
-54.75071505017897
-55.85123213181197
-56.92489472646158
-57.96297371378512
-58.95657977393947
-59.89629682889373
-60.771739664145834
-61.57096858609384
-62.27960491644888
-62.879224116728196
-63.34360833503599
-63.6258742837733
-63.438877524283754
-50.72980657097706
-51.956237497432205
-53.18039284264401
-54.39195013203215
-55.58157489372107
-56.74058655577096
-57.8606286405081
-58.93333508883786
-59.949977191193526
-60.901064827481825
-61.77585234928049
-62.561639037782854
-63.242574591694265
-63.79702435648358
-64.18899417643875
-64.23667506523263
-48.69206552896547
-50.02653970762008
-51.36545649915919
-52.69690755118068
-54.01067520256302
-55.297789650743645
-56.55013345154656
-57.7600839876369
-58.92017998635002
-60.022796163056675
-61.05980733800399
-62.02221604171541
-62.899697414110044
-63.67995773882105
-64.3476174254204
-64.88155267210965
-65.24486627237589
-46.347592647079
-47.80275694251042
-49.26945531540796
-50.73331464580842
-52.1826622642866
-53.60784773298557
-55.000691940097326
-56.35403943842688
-57.66138751401428
-58.916569272672916
-60.11347399705718
-61.245795690122094
-62.306813432756435
-63.28923735993117
-64.18525004605401
-64.98727893752542
-65.69274949061827
-66.44638616747437
-43.635979978979314
-45.23123417041202
-46.84532732849563
-48.46015531820307
-50.061885196133076
-51.63978844530479
-53.18537616397638
-54.691763479355785
-56.15319754418755
-57.564699811169916
-58.92179012924746
-60.22027635028199
-61.456112715084004
-62.62536586233933
-63.72441621732065
-64.75079992541725
-65.70620498966278
-66.60999725353216
-67.8223187571504
-38.76251443603351
-40.469950054465606
-42.236689701137536
-44.0290273766931
-45.82329352996958
-47.602718503345116
-49.35523314458905
-51.071989213821375
-52.746377640096235
-54.373373870504246
-55.94909460087842
-57.47049456565723
-58.93516503564508
-60.341222532364405
-61.68730775629025
-62.972774291911044
-64.19830020451036
-65.36763816474354
-66.49313191536412
-67.61924284815206
-69.35259782249142
-34.801422418505865
-36.71447301138889
-38.707105023463065
-40.728828386026294
-42.7478824083359
-44.744062630340004
-46.70426136916516
-48.619793252196445
-50.48481671534756
-52.29540330463006
-54.04898237428863
-55.74400631537257
-57.37975625283848
-58.956255423180984
-60.47429238268067
-61.935597545492065
-63.34329942285969
-64.7030081112587
-66.02557905492532
-67.33541462680562
-68.70509052635212
-71.01646401643538
-29.919252721488025
-32.14137421041913
-34.46363353567265
-36.8057832294267
-39.125650203121914
-41.4009086409407
-43.619613073938815
-45.77532093306525
-47.864611975207566
-49.88585393708702
-51.83860018010538
-53.7233000002444
-55.54117004016219
-57.29416846135679
-58.98506513348484
-60.61763720112195
-62.19706676187987
-63.73072205337725
-65.22979311336476
-66.71319154167338
-68.21889061448944
-69.85063619329647
-72.7925926213898
-23.52479732344141
-26.314568110556532
-29.193700949467328
-32.0348211472281
-34.7919766282391
-37.45051371607607
-40.008044896163995
-42.46668658696709
-44.82990002549579
-47.10136877477106
-49.28475604613504
-51.38378441951023
-53.40239643022066
-55.34492549207514
-57.216288346855244
-59.0222460660948
-60.769806610628684
-62.46789123684533
-64.12851414760635
-65.7690855474795
-67.41762510810092
-69.12744221049732
-71.03685304527107
-74.65875197889844
-13.914374952006405
-18.23043234565651
-22.28132132298254
-26.019850251250837
-29.481344939553754
-32.70815217521331
-35.73662005727073
-38.59541305368173
-41.306191524460324
-43.88504267208861
-46.34412272771015
-48.693129866579255
-50.94041575592497
-53.09374445585245
-55.160817221903514
-57.14970382035589
-59.06930949114338
-60.9300080757207
-62.74462142894643
-64.53008250106282
-66.31056665485173
-68.12430956242387
-70.04212474898901
-72.24119699030597
-76.59069263923224
11.471515100931274
-4.85875213542466
-12.29031322067639
-17.98480999238194
-22.73162439882704
-26.880079926966754
-30.608632875921987
-34.02353725556744
-37.1929157937028
-40.16165965196995
-42.95991429135689
-45.60880265216
-48.124273409210396
-50.51948581404462
-52.806204719250836
-54.99565525855811
-57.09916821914226
-59.12884248328773
-61.09841391965126
-63.02457449600737
-64.92919067734887
-66.84344289759188
-68.81667756454583
-70.93971037058601
-73.43466326613108
-78.55939886091753
7.0820715849160925
-6.0134760541471906
-13.608616678151607
-19.445847460443986
-24.309289259875797
-28.547625841490948
-32.350226674619186
-35.83010576647585
-39.0568997016334
-42.07454937569787
-44.91256725044133
-47.592851637383404
-50.133355904955515
-52.54996071538842
-54.85752955512267
-57.070700862319455
-59.20471688338876
-61.27651394282034
-63.30637209991382
-65.32069683809934
-67.3572544936636
-69.47644743666534
-71.79081263656381
-74.57542949897581
-80.52362227729424
1.5198945687974406
-9.063360372529313
-16.199707248987163
-21.813684825596926
-26.562214655223695
-30.745599647721217
-34.5309566686619
-38.01337744435423
-41.24866909785369
-44.273278539795186
-47.11462552400855
-49.79558724941251
-52.33641077869703
-54.75576763086192
-57.071631741458354
-59.30225851738311
-61.467473947693314
-63.59059946878232
-65.70168679266166
-67.84366333907562
-70.08581339229539
-72.55981509799635
-75.59594787895924
-82.4006476218172
-3.8819378522403647
-12.793182116701413
-19.365927296190023
-24.653160109114083
-29.21758644793937
-33.30844571375874
-37.048290759120796
-40.50122910017683
-43.70939585423643
-46.70633184797419
-49.52077537023637
-52.178003276953085
-54.70081412722349
-57.11055976523956
-59.42832544393564
-61.67641021324818
-63.88043809854871
-66.07281946971257
-68.2992797750061
-70.63323555706555
-73.21469695471654
-76.40109997842237
-83.77005100023794
-9.063411091755846
-16.76203047933935
-22.75953271236444
-27.738249349345107
-32.160099284784636
-36.17511539158097
-39.851544811170996
-43.240458132497274
-46.38565619284282
-49.32431204685077
-52.087966011517175
-54.70400336332694
-57.19719630385535
-59.59124276147229
-61.91046233894061
-64.18200542858445
-66.43928926101546
-68.72829092582745
-71.12112349953503
-73.7519982979454
-76.95235513117422
-83.9434959648362
-13.965188966719404
-20.65876246313656
-26.21435808941137
-31.06954035144433
-35.410094927463355
-39.32230212460561
-42.887639299042114
-46.17089391916561
-49.22187726347481
-52.07985770620089
-54.777207278023226
-57.34208946761758
-59.80057347479621
-62.17858714899423
-64.50416623301449
-66.81070261336795
-69.14265446823694
-71.56758289912534
-74.20771301249304
-77.36019352830908
-84.01483764956096
-18.106548303460976
-24.405020374673292
-30.04163064320945
-34.78625390095409
-38.9411136619937
-42.672385514925
-46.07953348793015
-49.2284421639629
-52.16691555264949
-54.93238932430303
-57.55627130699767
-60.06676628254474
-62.491107414785034
-64.85782539623571
-67.19977575233017
-69.55927166812936
-71.99884852668173
-74.6299998821367
-77.7261358368269
-84.12620234553184
-22.64429616468598
-29.16733317749154
-34.34587304717216
-38.72962133696466
-42.610411474352446
-46.125335838611555
-49.3568547412192
-52.361331991756295
-55.181178460349244
-57.85092510368446
-60.40078276632336
-62.8591637509982
-65.25499031607536
-67.62056151761783
-69.99629419380585
-72.44075255504038
-75.05802059698236
-78.10703485710437
-84.32812884261682
-28.515015630179906
-34.03380701524931
-38.67471272897021
-42.70235104995195
-46.315081439717154
-49.61664817198579
-52.6737936700381
-55.53465135788817
-58.237203831006184
-60.81383359304601
-63.29425740181507
-65.7079617409274
-68.08702181872431
-70.47065908043687
-72.91495490924183
-75.51967878598835
-78.53580081728492
-84.64549086567682
-19.236619949945837
-33.711435020675246
-38.69875728661169
-42.928039593121525
-46.64729490143779
-50.01392517955263
-53.11364269354992
-56.00350419565408
-58.726318610015554
-61.31733411406797
-63.80802565993864
-66.22887173833848
-68.61228250695584
-70.99715634099934
-73.43855009388524
-76.03442748050598
-79.03262552342872
-85.09177640586836
-29.082478227589363
-38.69911896022052
-43.24087135917885
-47.112857985407906
-50.55241288053817
-53.68975048577688
-56.59868974466137
-59.329963762472666
-61.92314396377021
-64.41231461074447
-66.82961451509553
-69.20849746178914
-71.58845880118609
-74.02485566774094
-76.61590686224199
-79.61025173678652
-85.67408684803218
-36.59918508167518
-43.567836600587825
-47.69177510733239
-51.23446148158198
-54.41184280931109
-57.332482690551444
-60.061099657143835
-62.64412004454412
-65.11956171407466
-67.52212753593723
-69.88713592309175
-72.25560933483631
-74.68441546013514
-77.27381302487859
-80.27669262293259
-86.39540369482265
-42.97726056543334
-48.3381769159325
-52.060005342401176
-55.291848560474556
-58.21996242664149
-60.93514096097984
-63.49502364391737
-65.94349834954181
-68.31897912781851
-70.65956078574185
-73.00872189918124
-75.42597067248393
-78.01523104817677
-81.03682081619525
-87.255822283282
-48.71026720687368
-53.012393672630644
-56.345542544308316
-59.28113327940113
-61.97176454783925
-64.49391263424522
-66.90023642903896
-69.23427044842923
-71.53785803699988
-73.85783795670838
-76.25741500769223
-78.84569870685814
-81.89344922583258
-88.2533434754792
-54.03756255275348
-57.58668922959453
-60.54510228884154
-63.1979714741634
-65.66438034600006
-68.00993154221597
-70.28495040958344
-72.53597108920626
-74.81399445669581
-77.18685077886987
-79.77023241327069
-82.8482382069609
-89.38446498837442
-59.086412735801304
-62.05526429164105
-64.65450999463232
-67.03957513627067
-69.29949368006923
-71.49279780798412
-73.6713044683057
-75.89065833438075
-78.2239468719774
-80.79457894883414
-83.9027081397111
-90.64472837724638
-63.927354508875624
-66.41203518618028
-68.67061181126087
-70.80751981721522
-72.88764570690343
-74.96714376018774
-77.1058227149403
-79.3819466169602
-81.92712038769632
-85.05977214858954
-92.0293935691315
-68.59889557122321
-70.65211890983926
-72.59448849727964
-74.51324618909005
-76.4566340755698
-78.4853346434644
-80.68098619873365
-83.1823052005453
-86.32669872708212
-93.53461173102457
-73.12038299096737
-74.77544887439478
-76.43928474250387
-78.19013744194149
-80.06869362716147
-82.15411474915079
-84.58763513879563
-87.72192090759393
-95.16017958599272
-77.50306825067508
-78.79944889757446
-80.25087918023063
-81.9206388714725
-83.85949658882441
-86.19946603444757
-89.29299091865585
-96.91769592552683
-88.21780698215751
-81.77906254798317
-82.80457907542967
-84.15963607016457
-85.91106838278853
-88.14398249856586
-91.17047945672442
-98.86154561469478
-90.62988467979312
-86.16060379558861
-87.06510726992417
-88.60230696320384
-90.76697218495623
-93.75466662866117
-101.26654790970707
-94.8642665424361
-93.25649839937171
-95.26184559283293
-97.76200612765076
-100.74962403250444
-107.90848428481881
-103.1674
