-86.787721
-91.191798
-95.65448
-96.553336
-94.479533
-92.629464
-91.016774
-87.570731
-84.077467
29.248242
30.818403
31.435645
33.441533
35.770663
36.184928
38.20004
38.559582
41.029076
42.979578
44.517131
48.240221
48.14614
42.147318
39.396865
36.05443
30.647625
29.961563
23.868734
21.898462
17.775983
13.14953
11.683431
5.591729
4.402204
0.0
-0.460295
0.0
0.51753
2.143
7.926038
8.918899
15.334545
15.694799
22.470698
22.743053
-1.21702
-3.077577
-8.104121
-10.348187
-14.991222
-17.618798
-21.878324
-24.889408
-28.765425
-32.160019
-3.773701
-7.217589
-11.093995
-14.060733
-18.415964
-20.904409
-25.738179
-27.748223
-33.060477
-34.592093
-40.382812
-41.435992
-47.705167
-48.279908
-55.027534
-55.123833
-61.967765
-62.34991
-68.811702
-69.672291
-75.655643
-76.994675
-82.499586
-41.494729797263275
-45.66983181158572
-50.95313751044308
-56.98493943568829
-62.23529560453134
-73.03203009118
-34.86586573150437
-37.83606050673582
-41.20819174530117
-45.05818526845739
-49.414050763121715
-54.137914965423114
-59.3955421685933
-70.9898825308308
-27.440806970783385
-29.49106871944949
-31.854729531438366
-34.51499906750891
-37.48200842555844
-40.779091296745406
-44.42920109288377
-48.44144093878239
-52.854706935267615
-58.03817745153054
-69.44751699680465
-24.97633786352062
-25.29240285468052
-26.907318699374304
-28.98689067642561
-31.390108307152254
-34.08169783909751
-37.05971203731779
-40.336096187582264
-43.93095682741168
-47.88285889020094
-52.3041029079225
-57.57610291252887
-67.94792799233002
-22.781639098011944
-23.434279269057296
-24.548766087275833
-26.278812536401947
-28.41503589762478
-30.863734751559065
-33.596371069916096
-36.61283517833108
-39.930157644028284
-43.585316877297075
-47.657137369090044
-52.34546101675348
-58.112237378323464
-70.95470787323165
-19.08503445528925
-20.69602882186368
-22.10072498625131
-23.677547324625966
-25.57080225880002
-27.78012668214547
-30.28240313808829
-33.071001587162
-36.15825296024443
-39.57826024175203
-43.40121105334803
-47.78880994316275
-52.98611749122107
-64.16132603703194
-15.374555854870422
-17.577021837447525
-19.3442405190682
-21.009729022985763
-22.789618541451308
-24.798329340885687
-27.077387148048736
-29.640695984780233
-32.5039219756591
-35.699608280772544
-39.293739881423555
-43.438905857239426
-48.330585481412626
-60.75358303140245
-12.047502573445122
-14.55766486583367
-16.52266427352688
-18.264860537557414
-20.002361683208584
-21.869612104901115
-23.950130415294524
-26.291262241713223
-28.9247132599251
-31.88712508126027
-35.24170203300039
-39.132479809339465
-43.7199513739633
-57.94426252217456
-10.52348473685197
-12.11561018000493
-13.914946894371678
-15.578044886466811
-17.228985193892235
-18.965774259554085
-20.868262374427182
-22.997107686226368
-25.3986276257469
-28.117262155272204
-31.215819280457126
-34.82866679605895
-39.090406811013516
-9.890665773530666
-10.650481128711299
-11.74111986727234
-13.077932940329287
-14.531286298028347
-16.09623269085995
-17.813774066631023
-19.733864478581467
-21.90459531714211
-24.374093974038967
-27.20439166360434
-30.518744378943175
-34.43744580641335
-8.043782230951216
-8.811528820076415
-9.688274086404697
-10.721960700164122
-11.919936313730354
-13.269780590064572
-14.780578395972316
-16.48372686510987
-18.42104732221244
-20.638790757191085
-23.194596162467754
-26.1965621631042
-29.76078022458497
-5.91172789731962
-6.609429465004667
-7.3973888586551135
-8.289401358456542
-9.303364583157165
-10.454041448380114
-11.756248952467928
-13.235303216352236
-14.93070315064781
-16.890330490662837
-19.167666729546077
-21.84984475525102
-25.05202060928928
-3.251471903502582
-3.7273906342284087
-4.295284016178148
-4.95963692566557
-5.725572042618819
-6.600198597769057
-7.592861772255721
-8.715060412805096
-9.983953976861832
-11.432016513164385
-13.115066228437502
-15.100494973543785
-17.4579522291576
-20.291176925053733
-1.2903333741600316
-1.5965487726638699
-1.99506216292587
-2.49405239277938
-3.10063675733646
-3.8209972289129595
-4.66077826519301
-5.6251814999203935
-6.718773096161602
-7.948297509024586
-9.340661063001086
-10.981540801121922
-12.988061812504816
-15.442437924382615
0.5237048602065979
0.4070051068365334
0.20639261812144968
-0.0906879475420678
-0.49650106562643453
-1.022003799099683
-1.6761044272054448
-2.4652088642037797
-3.3923406757415346
-4.454463516467211
-5.635626001622381
-6.915208925721837
-8.402424530676948
-10.4272867145799
2.1391101651862865
2.2203705318056324
2.2352702027267672
2.168605340095267
2.0031169396016453
1.720996155034213
1.3059718853678026
0.745264701182403
0.03085210572782261
-0.8393996787139452
-1.85738333212139
-2.9951296753553707
-4.0926928997912295
-4.843425214429582
3.5142764940194375
3.789664501601022
4.02365961162898
4.202327477683786
4.306943856370316
4.3143481731911475
4.199200000231659
3.9382734089074987
3.5149883668298325
2.923294467494911
2.1654838651526833
1.2854039728987017
0.23269256310450734
0.9167797591703787
4.618572368000295
5.073867170263446
5.515342798729499
5.934911201596424
6.318966784976986
6.646357394638644
6.887257568786858
7.006049531629336
6.970719779351858
6.766539906109319
6.399129760264235
5.971176586310567
5.4056830729908
5.427550596051538
6.0455762671408735
6.673206146169021
7.310880670311095
7.955901340350511
8.599671590611901
9.223742342160262
9.793935307938401
10.26164802718355
10.583058805811897
10.790542487754154
10.862091666159454
12.932355763754176
5.9014981384754295
6.679123356818606
7.4772034651487385
8.304410284674859
9.172190609111858
10.089833755515025
11.063657257833281
12.094108776896004
13.163478548045314
14.202985629925065
15.253718691000591
16.0531859782727
5.905231305585395
6.903106377759247
7.902905396708624
8.911568111434311
9.96629393424436
11.100748310470685
12.345541441578542
13.739707806199934
15.34005249040613
17.268900319463345
19.42863395551222
23.1691493480573
4.821259990977084
6.354912173386478
7.852001708477434
9.129480884318042
10.366867632082448
11.671931695704648
13.113485476178292
14.75396913161189
16.68926238015891
19.186973794309043
22.235955153410906
46.16763160145339
7.008210594581741
8.948357167231226
10.450112971113715
11.888404236758246
13.458085051908016
15.26577077113127
17.427292612025642
20.13298339023595
24.417896443362178
10.493850718924207
12.01076993917369
13.545667681204653
15.398377285656155
17.75281831527544
20.52078486057648
30.436959541939533
13.97313627374396
15.443377738687008
17.689810166004314
20.920578695332853
21.164526591022273
17.557563403513598
22.88739783984434
29.124658
-1.086526
-83.868375
