-80.742851
-77.587341
-4.306857
-6.553237
-12.646179
-13.056193
-18.739121
-21.805529
-24.832063
-30.554865
-30.925006
-37.017948
-39.304202
-43.11089
-48.053538
-49.203832
-55.296774
-56.802874
-61.389716
-65.55221
-67.482658
-73.5756
-74.301546
-70.22290867560291
-61.98017408004362
-69.11963056794633
-58.07661683344266
-62.193163855253395
-71.15205310188242
-50.80806645123259
-54.01314345868204
-58.002063847808095
-46.69375176214366
-49.58442007171559
-54.041837733811654
-42.19898979789921
-44.847726836257294
-37.38929970649542
-39.37565804628275
-32.310990650699296
-26.231717873350135
-14.967586174059486
-74.794189
