11.183274
11.905447
17.959174
19.313954
24.212911
22.225523
17.437012
14.817015
10.661113
7.408508
3.885213
nan
0.0
-2.890686
-4.793313
-3.833301
-4.064248
-5.841957
-6.451335
-3.326272
0.0
0.819276
3.56083
8.089886
10.447931
15.360497
17.335032
22.631107
24.222134
29.901718
31.109235
37.172329
37.996336
40.546087
40.105588
33.275476
33.218487
26.331386
26.004866
19.444284
18.734255
12.557183
11.463645
5.670082
4.193034
0.0
14.534667834490476
14.616430126945843
14.084270579752383
14.136179543706806
14.324765015162193
15.31036042458588
14.455768710259358
13.557360537930753
13.152153089584592
13.559105126701695
16.885743564622217
16.344661860644244
15.426838925896217
14.018727712670247
12.021780875444326
10.28248131396807
17.789011957071807
17.857297026259232
17.63074181977319
17.003505704197746
15.826390974088639
13.867395535958185
8.92414766867166
16.958121064382055
17.592032459570614
18.176483898508646
18.63184708215658
18.85476017039436
18.722581602216437
18.091127099377754
16.768080314015876
13.483088018345507
15.760093736281087
16.4757133384751
17.277878578054356
18.131802621204155
18.97762068809559
19.719390404297947
20.22006276723096
20.320646275625794
19.81805239908461
18.809474928071086
14.021916689934434
14.430457194772767
14.985595991458593
15.695641460298596
16.56154202988292
17.57514986038801
18.714160248805857
19.930688701944202
21.12719505627657
22.13679878592057
22.657321811240045
25.199911443560758
13.353641281245734
13.45614114803276
13.696191904615434
14.10639938264429
14.70843305385224
15.517729369971121
16.54623110693003
17.80375781042049
19.298083225623934
21.03019511440572
23.001908072811005
24.86119008134233
13.3683155312057
13.39273125564628
13.24863188085328
13.109700516662606
13.09171173435406
13.259039032115467
13.64744700314167
14.281065433453751
15.181861213398658
16.375351120287682
17.897616147310135
19.80991648647648
22.255337284955328
25.242658617145178
12.139303228605637
13.808177221123644
13.702999562795762
13.24401263854015
12.832130591776808
12.6240397353693
12.677730000271806
13.01676728976189
13.660617263183141
14.636251349752046
15.984746550721537
17.775697708632755
20.165854578215594
23.331434680558342
16.323495451026076
14.479263912770087
13.343949305065733
12.474078408647228
12.003029605812749
11.907320719318545
12.1700860859274
12.79726612888458
13.821576606490007
15.303583254444657
17.36656933843402
20.171433918002723
17.19209743204235
13.394246818777473
11.913088691835314
11.147165683992842
10.89032540309534
11.05578254080787
11.630333280349202
12.664193998300169
14.252079232911708
16.532025047646137
13.200813454591692
10.960128698673367
9.945047685919551
9.56193986911951
9.617171464394207
10.073436053230736
11.044722883301846
12.686273341095125
9.342417846863876
8.24262862513886
7.856881541867837
7.80336728264875
7.948628407673669
8.733661083970137
5.611238566227099
5.719938804066699
5.580625446264268
4.960218177045651
3.2692670134637125
2.768319941645626
-3.768537
