-33.03705
-30.028854
-27.604665
-25.928806
-25.15131
-25.354956
-26.51715
-28.520951
-31.204649
-34.409527
-38.00396
-41.887783
-45.987735
-50.250943
-54.639205
-59.124683
-63.161585
-59.995778
-57.092914
-54.49503
-52.247639
-31.222121
-27.697483
-23.95151
-20.810382
-16.6809
-13.92328
-9.410289
-7.036179
-2.139678
-0.149078
0.0
5.130932
6.738024
12.401543
13.625125
19.672153
20.512226
26.942764
27.399328
27.778025
27.747286
25.630813
25.574998
25.275079
25.342966
26.750421
26.822018
27.300034
27.611956
26.472909
24.628417
19.585807
17.357806
12.698706
10.087196
5.811605
2.816585
0.0
-1.075497
-5.421784449805454
-7.6982193021551275
-6.687105917496356
-5.766234308913139
-4.94155329704293
-4.21803651497212
-9.973839016974237
-8.650549298538373
-7.424143971045831
-6.300129376893205
-5.2836555547838335
-4.379901683358122
-3.593946738259611
-2.9302154796820514
-15.142230640013322
-13.283416316801725
-11.546942527344704
-9.934447204340552
-8.444789997677956
-7.077254885179957
-5.83267431986037
-4.71373643555242
-3.7248569967256473
-2.871679364149244
-2.160134038417612
-1.594958462119075
-21.046114584863908
-18.284072878098623
-15.836714594585754
-13.63660247943922
-11.640294440896351
-9.819890594366996
-8.157696069783139
-6.643355258761203
-5.272225138329467
-4.044362413561205
-2.9637525197187458
-2.037462167422146
-1.2743689163989278
-0.6830846926716064
-0.26871140420331163
-27.812593509133333
-22.893322402125463
-19.34288288192091
-16.416138110908705
-13.88116700905161
-11.630692508798164
-9.605788900240249
-7.771854600923715
-6.108881699003496
-4.606889629172465
-3.263616007653048
-2.083265068461959
-1.0755904998142842
-0.2546426152631361
0.3635919190402543
0.765658009974663
0.9487962367490653
-29.748107472005007
-24.17139290778283
-20.09110483148723
-16.783158638964736
-13.962026374305024
-11.484589934113346
-9.270501627864324
-7.272327638019881
-5.462373676929659
-3.826337478982605
-2.360261529482456
-1.0692755299372483
0.03278666488866049
0.9238096264946101
1.5749642048546117
1.954713314851983
2.038420578366599
1.8385411943149335
-30.656773534118294
-24.811972075672
-20.44174289103379
-16.878949745076863
-13.842095339787665
-11.17864726183963
-8.798989995973065
-6.648831049598443
-4.695797846845322
-2.9226551635212674
-1.3242079842453316
0.09335819161685142
1.3114428447117428
2.2972683789354074
3.002844438016135
3.365071532941538
3.3013240785782814
2.6955376511958993
1.6483674863384996
-30.971428596459532
-24.92138552213219
-20.39962219863317
-16.689793815516296
-13.50839001295258
-10.70360921442884
-8.185093103687574
-5.897046810212237
-3.805351091824038
-1.8909447229116922
-0.14699809444224365
1.420797397107812
2.7908987528310214
3.920053312694743
4.737648098903416
5.143628070419462
4.994190106532475
3.9934507082337865
-30.66812352889571
-24.549535975061186
-19.998027826524897
-16.232045160865223
-12.969014064540499
-10.064043473197685
-7.431683661864115
-5.0186665422234364
-2.791407209611846
-0.7294046569923983
1.1777406046877517
2.9296563224587993
4.509784283492572
5.873637242588398
6.935158856018293
7.5628620761865495
7.886601924726943
-29.596809586308325
-23.738833155532053
-19.28645222181944
-15.541315533821217
-12.24769714150696
-9.275700374835594
-6.549106656745964
-4.020081058511157
-1.657222658442742
0.5617315364007853
2.6546211350303235
4.636458406464198
6.516243136150489
8.292548237417956
9.878368174403143
11.9994703522824
-28.056333714766964
-22.604695483293195
-18.337459964494023
-14.667332283472788
-11.37887489035474
-8.36212510526912
-5.552576870470757
-2.9097210283449124
-0.4057360766736217
1.9838775969400475
4.290225237723165
6.561409241317324
8.884386787285985
11.346083118769128
16.177894039509997
-26.31465183398338
-21.28428176880429
-17.23484420781836
-13.667364025946556
-10.403136390411818
-7.351371835717196
-4.459135235554356
-1.6939640382186782
0.9668101759896337
3.5495985671295958
6.106574154658597
8.761875060731567
11.681104138075773
18.369921333299267
-24.51754498808416
-19.886921128560573
-16.057058747025472
-12.599280744277157
-9.363541208098978
-6.273587613556533
-3.2848408898030446
-0.37143227477284246
2.4829759591569376
5.3051660911880365
8.191175379854299
11.303760349501363
19.28535651071833
-22.754322724844524
-18.49409613642826
-14.871663366388338
-11.518007911347501
-8.303941574792601
-5.160405318634053
-2.0432561925861865
1.074509914330373
4.207585495420705
7.399102832925976
10.690961629435712
19.9006631452235
-21.091076676764057
-17.170095439299516
-13.737002705930866
-10.475382678242399
-7.2694885705420065
-4.046822915937401
-0.7466911075299443
2.6847829052240417
6.3166120656910625
10.06550177683799
22.405412600658188
-19.584512004604917
-15.96987340279569
-12.70528476047478
-9.521227017407721
-6.307955383073805
-2.9745755251885915
0.5879699187599919
4.564573134082917
8.950899971420677
-18.288169741345353
-14.943680153228248
-11.824775279609144
-8.703431701382867
-5.468771444018397
-1.990883254022109
1.9616280302303808
6.597339174579627
-17.255095970715423
-14.140246948752658
-11.141394648833503
-8.06531186871643
-4.795954200498634
-1.1093088346165951
3.2318136362362346
-16.5383534437593
-13.611279012738432
-10.703890459683732
-7.639150282974233
-4.29435844739439
-0.4433968041510336
-16.189683887495992
-13.419877643788672
-10.588006969700254
-7.443563585659601
-3.959448844872604
-16.257153961885148
-13.648243129796272
-10.938355399093338
-7.809205026262531
-16.791192340931683
-14.411866119686035
-11.955753778969127
-17.900841448950764
-15.964260405892372
-19.974590899169673
-34.584584
