-50.397652
-48.990109
-48.063898
-47.647096
-47.753045
-48.378309
-49.503215
-51.094772
-53.111046
-55.505772
-58.232278
-61.246271
-64.507466
-67.789459
-70.624984
-73.691016
-76.960012
-80.40722
-84.010705
-45.996734
-43.869009
-40.601073
-35.205412
-30.566704
-29.809751
-24.41409
-19.018429
-17.264398
-13.622767
-8.227106
-3.962093
-2.831445
0.0
2.564216
7.959877
8.2807
7.394522
-60.75769977932464
-59.91305009318771
-58.53792063441423
-54.60649651612878
-56.92482599793178
-53.377403004546444
-50.525090017883926
-55.1827382853385
-51.95779737305172
-49.30701196285209
-46.979463749653966
-53.35178201108508
-50.42183789465539
-47.94875291630974
-45.72197159706393
-43.6872133042826
-51.498792812355624
-48.828693628613465
-46.50268188911482
-44.351998519885996
-42.34181409260093
-40.47223842023334
-49.6901195520014
-47.22978157478021
-45.01215464164319
-42.90429468539033
-40.88794203961669
-38.97601185215731
-37.19581213932668
-47.97320575840086
-45.66720131164319
-43.513900363969405
-41.4094053736568
-39.34818081585547
-37.35294914140552
-35.46234003262886
-33.728642912790875
-46.38365968703979
-44.1754216555974
-42.04017567121157
-39.896234247726255
-37.74596337786442
-35.61726734530011
-33.55632482148094
-31.630391988869977
-29.93030764678826
-44.95096505288515
-42.784234178319316
-40.621326377646604
-38.395091556592924
-36.10964111807907
-33.79082270265921
-31.484178623917877
-29.266831820277083
-27.2585528867586
-25.622676840860283
-43.700634352349525
-41.52109438929273
-39.28832915974039
-36.940755443073044
-34.476870766834985
-31.91060632226799
-29.269937671813846
-26.62563739968096
-24.12869639640025
-21.97701609304943
-20.503469061102944
-42.65512366606784
-40.413125312876005
-38.075209123856716
-35.57462100740311
-32.895984135910716
-30.034599278698852
-26.971151025141406
-23.70812819892696
-20.460651815067443
-17.451865015128373
-14.56696267666966
-41.83525644503871
-39.49011237480976
-37.02175097781861
-34.346077810969824
-31.416272353479208
-28.22279573968383
-24.702603851819504
-20.52391763370512
-15.900460709978285
-11.928706851169366
-0.7987338216656358
-41.265502639919184
-38.792539077567135
-36.17497488348086
-33.316826467876645
-30.071747181842433
-26.369776949655932
-22.538553666398112
-16.898499789813595
-40.99311449494293
-38.403558353690954
-35.579116845118754
-32.536900130113445
-28.931812247741714
-22.68027946857987
-41.16090565985926
-38.585396188492574
-35.42266870161211
-42.93006274494413
-51.392396
