-9.344876172678129
-8.485730213338696
-8.04291761890242
-8.08240747362615
-8.598267030214679
-9.514992447502292
-10.730329288012301
-12.155034018147521
-13.724056883278807
-15.237268347161383
-16.80490840913293
-18.456314545306363
-20.031422115062398
-21.622108717592532
-23.165367274113972
-24.741434347042414
-26.288935569137852
-27.832389444052225
-29.400781223861582
-30.91975383724351
-32.486114651601746
-34.097860826718914
-35.74885425799785
-37.40587317769842
-38.19905895965789
-36.95102507903279
-35.72904319838537
-34.45813752133964
-33.24430857890978
-32.10926446276828
-30.931606362390898
-29.79721727825517
-28.666603037806155
-27.30886540534332
-26.03409552350834
-24.79900020917986
-23.560942559868334
-22.37141294211504
-21.14856153482824
-19.922240024879688
-18.70450766429954
-17.583018731880955
-16.627281452104935
-15.867275419849149
-15.332135207177936
-15.045873546358864
-4.614770065272096
-4.847052284093915
-6.412616287197666
0.0
0.0
0.0
-10.086000309318399
-12.029357841219273
-12.11257529534318
-14.004770548286977
-7.914597409375188
-7.573357398648833
-5.046578624644361
-4.6420410697848435
-2.5198046796650813
-1.3695013962939164
0.0
0.007561661712770729
0.04072653662906589
0.04186395886596728
0.0036024018014870762
0.005983232933148841
0.016206907288740524
0.03125895151976543
0.04951262962994463
0.09291810487671626
0.10785499667812104
0.057705934288311056
0.040843830911519774
0.01768934215304796
0.027229170700092453
0.03635411768419772
0.05510990639148616
0.05698866903907174
0.10834351159880384
0.08489777213756611
0.0008250720919207311
0.0016810553411517049
0.0
-2.1994057201789543
-3.2270698188671
-2.513194355313638
-0.7398089598818143
-15.000548795375613
-10.1001381395989
