-35.458792899466445
-34.13038503041168
-32.870052795227565
-31.685920519971415
-30.586839451549146
-29.582290919936224
-27.97299297217688
-26.086733121912175
-24.190877444705297
-22.31321263546855
-20.458747876801137
-18.634410944738683
-16.849990440005556
-15.119625802220117
-18.658399323297566
-17.667367243243433
-16.856330125731137
-16.252257237308026
-15.878786644691436
-15.752328885203962
-15.878786644691436
-16.252257237308026
-16.832892425356192
-17.459147604435735
-18.063530449740323
-18.66946287006196
-19.281774554626985
-19.892817228667113
-20.50464208955186
-21.11944665313852
-21.739765032711713
-22.356468068751525
-22.958636512779147
-23.580497944548863
-24.18592786624717
-24.792926429642108
-25.403267386051976
-26.102222010534888
-26.931876909848892
-27.880566599107198
-28.93658573306899
-30.088635626881654
-31.326123186363994
-32.63933200736884
-34.019494321451226
