-16.47958863902303
-15.756838210438167
-15.263651564040352
-15.022655149704354
-15.045844054935886
-15.332056956048875
-15.867152160410006
-16.627118357059985
-17.58282150389289
-18.704281841755794
-19.96358450764573
-21.336336460882638
-22.802056941207454
-24.343959167073546
-25.308356089795115
-25.06432867890686
-24.97855592864961
-25.052663340193593
-25.285245195439252
-25.67199463909821
-26.20295578836343
-26.869831733480087
-27.665516852647784
-27.71263561257511
-27.331544560971782
-27.09310767670269
-27.00110440471697
-27.056804255527297
-27.259493246623936
-27.605964710611943
-28.09089893799
-7.411003255494165
-6.730891709575048
-6.642645393591784
-6.850938400429705
-7.169011743977144
-8.192361824015789
-9.554316003282041
-10.125778076646483
-8.589927172517715
-8.070288424327133
-6.014801314858498
-3.9593222441213953
-1.903872578913424
0.0
0.01031410466681848
0.0014619225813561343
0.004070029020539323
0.021920763093163487
0.057298058534037466
0.0018676317500876394
0.031822655620018736
0.013306511758699457
0.024892441069788163
0.0586049159319586
0.006842055227558319
0.11883344008290209
-27.31011299456341
-25.333704693420255
-25.20932103985671
-23.108528779232923
-21.007736824734053
-18.906944564389384
-18.798396919927818
-16.806152610263126
-14.705360350450182
-12.604568397095681
-12.263092956966446
-10.50377613850054
-8.402983881221921
-28.360509124949452
-7.715096393858454
