-6.302191932519694
-5.727789004690742
-4.201399990313611
-2.100607768323571
0.0
0.0006031147960374739
0.0003376102721333041
1.7945687080356265e-05
0.0004853266055029337
0.002597011425354623
0.000601947319076146
2.195493058110287e-05
0.0006471632981828179
0.0032145894833881528
0.0003844866863431662
1.2438096980815772e-05
0.00048094455003422354
0.0020668616215324676
8.99869464987546e-05
2.831947536918733e-06
0.0001976943617911786
0.0007076382332549258
4.354091561964424e-06
1.092244623634997e-07
0.0
-2.100785065818055
-4.201577326986557
-6.17356008979418
-6.302368976141343
-8.403161237357773
-7.618800905805235
-7.258564546298065
-7.255992868710717
-7.491876848626666
-8.225587054051148
-8.931149261963116
-8.834977675461882
