-19.824722830373183
-19.925351572836043
-20.224233861907347
-20.712789172420013
-21.378017571821754
-22.204045471515315
-23.17368411153306
-24.269726724895765
-24.860000709998374
-24.070109880105935
-22.540436959359962
-21.089627948292208
-19.735083371394587
-18.497962708212015
-17.40332534410909
0.07899328749630286
0.01585977990706766
0.002762924245516274
0.009891514717800476
0.015662350161449012
0.002913671629670489
0.0037600756410398617
0.011910024969303379
0.0028281701893035915
5.934829069076386e-06
9.228807300587505e-07
0.0005652054807043783
0.0
-1.7233774262707924
-2.277913760847722
-4.556340831481018
-5.898475809186682
-6.834767488025338
-9.113196555408562
-10.073575221253288
-11.391625150472443
-13.670053748831053
-14.248673773764388
-15.948482349072329
0.033154092555207626
0.029673530670912385
-6.0918880655994485
-6.540754631132355
-8.618672334782334
-9.8133127520328
-11.145451836098704
-13.085871808997304
-13.672236283711356
-16.199015869959723
-16.358434089460793
-17.341930303665045
-17.63434914493842
-18.25897000768003
-19.01628091450969
-19.462955984185474
-17.087695212716998
0.2268334694994743
-19.873958785862488
