-8.21402712812333
-6.7172717866234
-6.102545316713017
-4.44002837429982
-2.16527688868077
-1.932939878067568
0.0
0.033999210339445085
0.00017727471267647843
2.950652084621197e-05
0.10737430745251686
0.03023582065402408
0.009762798013021268
0.30639769154234386
0.13748063851515369
0.046041190192354975
0.4761195463176051
0.30774186863042985
0.10626020273593184
0.5291327873346141
0.5121476257450865
0.18130040108864165
0.7113881041803344
0.7325201770619145
0.26674799422216466
0.007151757747500653
0.0021805866637976123
0.0
-1.0164812062148647
0.0
0.07129252406824804
0.02256028881827632
0.43287140672410374
0.16984513456367978
0.053004361895595764
0.0005844845932827525
0.0
-2.0545285991719457
-3.309744414831671
-4.110020511770318
-4.610771766501436
-3.6863007524633673
-3.7836895279177933
0.0
0.002517748076975579
0.025681357455510163
0.021907190747439305
0.00040154399284375586
0.0007706189241858397
0.001637876185682785
0.0006711904590588347
0.0
-1.038333927212715
-3.268193135165759
-3.565109688547394
-8.527856591424435
-8.630080927570276
-9.222737049191737
-9.457898851462447
-3.9378481067830045
-8.706451819293255
-10.22086673381116
