-28.707279890041544
-29.446854402906933
-30.300603125462953
-31.25917249876636
-30.399603045231217
-28.707766637403736
-27.05800926357353
-25.458512629523963
-23.91936172450325
-22.452970077645208
-21.074531200186424
-19.80242069312818
-17.031549602336256
-16.843032276859482
-15.157726485287968
-13.33753017195026
-11.596242561574316
-9.97527683441757
-9.49888620903866
-8.543389923078601
-11.662599456250243
-16.834641797055443
-16.312308236516568
-15.691386600992061
-15.11343919274278
-15.289078312279317
-19.051442062188904
-18.473445145480678
-17.9150140904191
-17.39328386074189
-17.038808655900876
-20.20765551757809
-19.66585269468259
-19.167929979164544
-18.73688987076571
-18.437686942410345
-21.30027571731893
-20.77792236178056
-20.302926403277837
-19.892391684877374
-19.578738005085704
-22.380773254024422
-21.84061123911092
-21.358473731591243
-20.9283289785902
-23.460866381271288
-22.879283242962707
-22.366943400984695
-21.88749444330535
-24.548036847788847
-23.925207237195917
-23.368524322838308
-22.802960416330148
-25.669497209340825
-25.04573196386103
-24.4403956509158
-23.70321141717452
-27.05260353636298
-26.509115158694332
-25.905567713388994
-18.94309580859623
