-19.824722830373183
-19.925351572836043
-20.224233861907347
-20.712789172420013
-21.378017571821754
-22.204045471515315
-23.17368411153306
-24.269726724895765
-24.860000709998374
-24.070109880105935
-22.540436959359962
-21.089627948292208
-19.735083371394587
-18.497962708212015
-17.40332534410909
0.07899328749630286
0.01585977990706766
0.002762924245516274
0.009891514717800476
0.015662350161449012
0.002913671629670489
0.0037600756410398617
0.011910024969303379
0.0028281701893035915
5.934829069076386e-06
9.228807300587505e-07
0.0005652054807043783
0.0
-1.7233774262707924
-2.277913760847722
-4.556340831481018
-5.898475809186682
-6.834767488025338
-9.113196555408562
-10.073575221253288
-11.391625150472443
-13.670053748831053
-14.248673773764388
-15.948482349072329
0.033154092555207626
0.029673530670912385
-6.0918880655994485
-6.540754631132355
-8.618672334782334
-9.8133127520328
-11.145451836098704
-13.085871808997304
-13.672236283711356
-16.199015869959723
-16.358434089460793
-17.341930303665045
-17.63434914493842
-18.25897000768003
-19.01628091450969
-19.462955984185474
-7.571713014024603
-8.228537262805418
-8.73297020189863
-8.903469883321637
-1.7688412572112362
-3.6549761476693035
-5.334317475730188
-6.487428087755004
-7.389269595716608
-8.148585692690961
-8.76990919910446
-9.190303754880652
-9.451195092106255
-3.985609930574405
-5.195181030495343
-6.285572613768079
-7.24076034107726
-8.086371103388569
-8.832154657707566
-9.480866262028481
-10.072220516771416
-10.711859390454904
-2.4703876133275005
-4.887975321722806
-6.07554601142515
-7.091897884776686
-8.016043825664507
-8.865308149748104
-9.655362788920879
-10.423183544388136
-11.259490469445412
-12.570418934205957
-4.495591593415184
-5.78986791867427
-6.910484997483612
-7.920254264984243
-8.8584768418528
-9.746852313236651
-10.61636798615236
-11.524434330327638
-12.583523729977555
-1.4328545655777427
-5.382025268530286
-6.680232731748323
-7.791473703038884
-8.818289583808525
-9.78550749609627
-10.719380246184768
-11.661656521668741
-12.681207965738128
-13.837001149554848
-4.867996249242855
-6.357726936513172
-7.625584930123478
-8.760661579767259
-9.803173093091786
-10.78435084730534
-11.74107140769461
-12.717036820770346
-13.777734339366404
-15.029699555122537
-5.906671763972842
-7.431759101533763
-8.715910299580367
-9.836613274982637
-10.854634372742844
-11.817952888683378
-12.767911734980599
-13.75070610242281
-14.859767736005352
-16.647717205823724
-4.888277445428298
-7.257595443289042
-8.744627051372229
-9.929388199483473
-10.967634695867998
-11.928154303723664
-12.855172041045199
-13.789929937904692
-14.795002196909591
-16.06161255595583
-7.409360261901361
-8.931443576515715
-10.12114297948619
-11.15276135817911
-12.097191981630209
-12.999319205335555
-13.896880568737409
-14.84020882564913
-16.038653434631613
-7.6453510406287
-9.257752453423011
-10.429024769027501
-11.428690193921977
-12.342327549088923
-13.215918332467718
-14.087338661938716
-15.01261192477039
-16.23203860460201
-9.751987196641997
-10.865335924597039
-11.805698872120951
-12.674070030195798
-13.513535127073613
-14.362629636251407
-15.283186699428601
-16.53613327445929
-10.296552163819719
-11.419320217394883
-12.291607396578335
-13.10066914509973
-13.898714364451122
-14.723528214361968
-15.639303077572215
-16.928937424271517
-12.151026904922585
-12.909468033269352
-13.633988769499867
-14.384917224153435
-15.184064481099291
-16.090585164056595
-17.409741188288116
-13.354856707985956
-13.676345512732865
-14.299076568089129
-15.01245323452707
-15.796447394995463
-16.693926156927052
-18.01880485978411
-14.745139778102603
-15.255687254059088
-16.00477874795998
-16.83495250770881
-17.756676729225862
-19.113306085137786
-17.087695212716998
0.2268334694994743
-19.873958785862488
