0 -35.458792899466445
1 -34.13038503041168
2 -32.870052795227565
3 -31.685920519971415
4 -30.586839451549146
5 -29.582290919936224
6 -27.97299297217688
7 -26.086733121912175
8 -24.190877444705297
9 -22.31321263546855
10 -20.458747876801137
11 -18.634410944738683
12 -16.849990440005556
13 -15.119625802220117
14 -13.464174351591044
15 -11.91490233031408
16 -10.5188309289486
17 -9.344876172678129
18 -8.485730213338696
19 -8.04291761890242
20 -8.08240747362615
21 -8.598267030214679
22 -9.514992447502292
23 -10.730329288012301
24 -12.155034018147521
25 -13.724056883278807
26 -15.237268347161383
27 -16.80490840913293
28 -18.456314545306363
29 -20.031422115062398
30 -21.622108717592532
31 -23.165367274113972
32 -24.741434347042414
33 -26.288935569137852
34 -27.832389444052225
35 -29.400781223861582
36 -30.91975383724351
37 -32.486114651601746
38 -34.097860826718914
39 -35.74885425799785
40 -37.40587317769842
41 -38.19905895965789
42 -36.95102507903279
43 -35.72904319838537
44 -34.45813752133964
45 -33.24430857890978
46 -32.10926446276828
47 -30.931606362390898
48 -29.79721727825517
49 -28.666603037806155
50 -27.30886540534332
51 -26.03409552350834
52 -24.79900020917986
53 -23.560942559868334
54 -22.37141294211504
55 -21.14856153482824
56 -19.922240024879688
57 -18.70450766429954
58 -17.583018731880955
59 -16.627281452104935
60 -15.867275419849149
61 -15.332135207177936
62 -15.045873546358864
63 -15.022385465556294
64 -15.262740516880003
65 -15.75533024393535
66 -16.477548789347203
67 -17.400827483633385
68 -18.495079889663206
69 -19.731881895421882
70 -20.712340142229905
71 -20.22398743237389
72 -19.925318094379467
73 -19.824722830373183
74 -19.925351572836043
75 -20.224233861907347
76 -20.712789172420013
77 -21.378017571821754
78 -22.204045471515315
79 -23.17368411153306
80 -24.269726724895765
81 -24.860000709998374
82 -24.070109880105935
83 -22.540436959359962
84 -21.089627948292208
85 -19.735083371394587
86 -18.497962708212015
87 -17.40332534410909
88 -16.47958863902303
89 -15.756838210438167
90 -15.263651564040352
91 -15.022655149704354
92 -15.045844054935886
93 -15.332056956048875
94 -15.867152160410006
95 -16.627118357059985
96 -17.58282150389289
97 -18.704281841755794
98 -19.96358450764573
99 -21.336336460882638
100 -22.802056941207454
101 -24.343959167073546
102 -25.308356089795115
103 -25.06432867890686
104 -24.97855592864961
105 -25.052663340193593
106 -25.285245195439252
107 -25.67199463909821
108 -26.20295578836343
109 -26.869831733480087
110 -27.665516852647784
111 -27.71263561257511
112 -27.331544560971782
113 -27.09310767670269
114 -27.00110440471697
115 -27.056804255527297
116 -27.259493246623936
117 -27.605964710611943
118 -28.09089893799
119 -28.707279890041544
120 -29.446854402906933
121 -30.300603125462953
122 -31.25917249876636
123 -30.399603045231217
124 -28.707766637403736
125 -27.05800926357353
126 -25.458512629523963
127 -23.91936172450325
128 -22.452970077645208
129 -21.074531200186424
130 -19.80242069312818
131 -18.658399323297566
132 -17.667367243243433
133 -16.856330125731137
134 -16.252257237308026
135 -15.878786644691436
136 -15.752328885203962
137 -15.878786644691436
138 -16.252257237308026
139 -16.832892425356192
140 -17.459147604435735
141 -18.063530449740323
142 -18.66946287006196
143 -19.281774554626985
144 -19.892817228667113
145 -20.50464208955186
146 -21.11944665313852
147 -21.739765032711713
148 -22.356468068751525
149 -22.958636512779147
150 -23.580497944548863
151 -24.18592786624717
152 -24.792926429642108
153 -25.403267386051976
154 -26.102222010534888
155 -26.931876909848892
156 -27.880566599107198
157 -28.93658573306899
158 -30.088635626881654
159 -31.326123186363994
160 -32.63933200736884
161 -34.019494321451226
162 -12.962348365977784
163 -11.84178575175565
164 -11.141465882459887
165 -9.519692060327696
166 -8.901163494059633
167 -8.21402712812333
168 -6.7172717866234
169 -6.102545316713017
170 -4.44002837429982
171 -2.16527688868077
172 -1.932939878067568
173 0.0
174 0.033999210339445085
175 0.00017727471267647843
176 2.950652084621197e-05
177 0.10737430745251686
178 0.03023582065402408
179 0.009762798013021268
180 0.30639769154234386
181 0.13748063851515369
182 0.046041190192354975
183 0.4761195463176051
184 0.30774186863042985
185 0.10626020273593184
186 0.5291327873346141
187 0.5121476257450865
188 0.18130040108864165
189 0.7113881041803344
190 0.7325201770619145
191 0.26674799422216466
192 0.007151757747500653
193 0.0021805866637976123
194 0.0
195 -1.0164812062148647
196 0.0
197 0.07129252406824804
198 0.02256028881827632
199 0.43287140672410374
200 0.16984513456367978
201 0.053004361895595764
202 0.07899328749630286
203 0.01585977990706766
204 0.002762924245516274
205 0.009891514717800476
206 0.015662350161449012
207 0.002913671629670489
208 0.0037600756410398617
209 0.011910024969303379
210 0.0028281701893035915
211 5.934829069076386e-06
212 9.228807300587505e-07
213 0.0005652054807043783
214 0.0
215 -1.7233774262707924
216 -2.277913760847722
217 -4.556340831481018
218 -5.898475809186682
219 -6.834767488025338
220 -9.113196555408562
221 -10.073575221253288
222 -11.391625150472443
223 -13.670053748831053
224 -14.248673773764388
225 -15.948482349072329
226 -17.031549602336256
227 -16.843032276859482
228 -15.157726485287968
229 -13.33753017195026
230 -11.596242561574316
231 -9.97527683441757
232 -9.49888620903866
233 -8.543389923078601
234 -7.411003255494165
235 -6.730891709575048
236 -6.642645393591784
237 -6.850938400429705
238 -7.169011743977144
239 -8.192361824015789
240 -9.554316003282041
241 -10.125778076646483
242 -8.589927172517715
243 -8.070288424327133
244 -6.014801314858498
245 -3.9593222441213953
246 -1.903872578913424
247 0.0
248 0.01031410466681848
249 0.0014619225813561343
250 0.004070029020539323
251 0.021920763093163487
252 0.057298058534037466
253 0.0018676317500876394
254 0.031822655620018736
255 0.013306511758699457
256 0.024892441069788163
257 0.0586049159319586
258 0.006842055227558319
259 0.11883344008290209
260 0.033154092555207626
261 0.029673530670912385
262 0.0005844845932827525
263 0.0
264 -2.0545285991719457
265 -3.309744414831671
266 -4.110020511770318
267 -4.610771766501436
268 -3.6863007524633673
269 -3.7836895279177933
270 -4.614770065272096
271 -4.847052284093915
272 -6.412616287197666
273 0.0
274 0.0
275 0.0
276 -10.086000309318399
277 -12.029357841219273
278 -12.11257529534318
279 -14.004770548286977
280 -7.914597409375188
281 -7.573357398648833
282 -5.046578624644361
283 -4.6420410697848435
284 -2.5198046796650813
285 -1.3695013962939164
286 0.0
287 0.007561661712770729
288 0.04072653662906589
289 0.04186395886596728
290 0.0036024018014870762
291 0.005983232933148841
292 0.016206907288740524
293 0.03125895151976543
294 0.04951262962994463
295 0.09291810487671626
296 0.10785499667812104
297 0.057705934288311056
298 0.040843830911519774
299 0.01768934215304796
300 0.027229170700092453
301 0.03635411768419772
302 0.05510990639148616
303 0.05698866903907174
304 0.10834351159880384
305 0.08489777213756611
306 0.0008250720919207311
307 0.0016810553411517049
308 0.0
309 -2.1994057201789543
310 -3.2270698188671
311 -2.513194355313638
312 -0.7398089598818143
313 0.0
314 0.002517748076975579
315 0.025681357455510163
316 0.021907190747439305
317 0.00040154399284375586
318 0.0007706189241858397
319 0.001637876185682785
320 0.0006711904590588347
321 0.0
322 -1.038333927212715
323 -3.268193135165759
324 -3.565109688547394
325 -6.0918880655994485
326 -6.540754631132355
327 -8.618672334782334
328 -9.8133127520328
329 -11.145451836098704
330 -13.085871808997304
331 -13.672236283711356
332 -16.199015869959723
333 -16.358434089460793
334 -17.341930303665045
335 -17.63434914493842
336 -18.25897000768003
337 -19.01628091450969
338 -19.462955984185474
339 -27.31011299456341
340 -25.333704693420255
341 -25.20932103985671
342 -23.108528779232923
343 -21.007736824734053
344 -18.906944564389384
345 -18.798396919927818
346 -16.806152610263126
347 -14.705360350450182
348 -12.604568397095681
349 -12.263092956966446
350 -10.50377613850054
351 -8.402983881221921
352 -6.302191932519694
353 -5.727789004690742
354 -4.201399990313611
355 -2.100607768323571
356 0.0
357 0.0006031147960374739
358 0.0003376102721333041
359 1.7945687080356265e-05
360 0.0004853266055029337
361 0.002597011425354623
362 0.000601947319076146
363 2.195493058110287e-05
364 0.0006471632981828179
365 0.0032145894833881528
366 0.0003844866863431662
367 1.2438096980815772e-05
368 0.00048094455003422354
369 0.0020668616215324676
370 8.99869464987546e-05
371 2.831947536918733e-06
372 0.0001976943617911786
373 0.0007076382332549258
374 4.354091561964424e-06
375 1.092244623634997e-07
376 0.0
377 -2.100785065818055
378 -4.201577326986557
379 -6.17356008979418
380 -6.302368976141343
381 -8.403161237357773
382 -7.618800905805235
383 -7.258564546298065
384 -7.255992868710717
385 -7.491876848626666
386 -8.225587054051148
387 -8.931149261963116
388 -8.834977675461882
389 -8.527856591424435
390 -8.630080927570276
391 -9.222737049191737
392 -9.457898851462447
1953 -14.909565137815873
1954 -17.087695212716998
1955 -18.94309580859623
1956 0.2268334694994743
1957 -15.000548795375613
1958 -10.1001381395989
1959 -3.9378481067830045
1960 -19.873958785862488
1961 -28.360509124949452
1962 -7.715096393858454
1963 -8.706451819293255
1964 -10.22086673381116
