-15.022385465556294
-15.262740516880003
-15.75533024393535
-16.477548789347203
-17.400827483633385
-18.495079889663206
-19.731881895421882
-20.712340142229905
-20.22398743237389
-19.925318094379467
-16.110961432319634
-17.529829705952032
-17.429043806572015
-17.287504299726862
-17.082621554448814
-16.77384850247666
-16.248101569199854
-17.61918950666043
-17.537883220199777
-17.422165950720117
-17.253823302599184
-17.00342790394239
-16.586723138150514
-17.67923458767415
-17.606023113625234
-17.498845251600084
-17.338118302763636
-17.062897014357894
-17.82111601109013
-17.790761554699127
-17.74179496755656
-17.64363904698347
-18.097237946495575
-18.174236387757503
-18.29119062234457
-18.3792050682785
-18.577847966582215
-18.938189207451288
-18.87391424467012
-19.409554342754934
-19.461376428954914
