-6.302191932519694
-5.727789004690742
-4.201399990313611
-2.100607768323571
0.0
0.0006031147960374739
0.0003376102721333041
1.7945687080356265e-05
0.0004853266055029337
0.002597011425354623
0.000601947319076146
2.195493058110287e-05
0.0006471632981828179
0.0032145894833881528
0.0003844866863431662
1.2438096980815772e-05
0.00048094455003422354
0.0020668616215324676
8.99869464987546e-05
2.831947536918733e-06
0.0001976943617911786
0.0007076382332549258
4.354091561964424e-06
1.092244623634997e-07
0.0
-2.100785065818055
-4.201577326986557
-6.17356008979418
-6.302368976141343
-8.403161237357773
-7.618800905805235
-7.258564546298065
-7.255992868710717
-7.491876848626666
-8.225587054051148
-8.931149261963116
-8.834977675461882
-8.300429947465224
-6.506568172092547
-5.900269529432355
-5.390797292895066
-7.103346091243123
-5.5609303457189885
-5.090336222664816
-5.822417014396442
-5.143772760992231
-4.758841431147429
-4.4699176677219565
-5.187663205264905
-4.676517029769816
-4.385798866510919
-4.16998308332684
-3.996850446267303
-4.470461149749224
-4.1649864160874985
-3.9848278738716076
-3.8503167604793083
-3.7386912657104703
-3.7300077196617085
-3.6813352173724865
-3.62448278796291
-3.575648832639711
-3.5269231878382485
-3.477076250335103
-3.4273371389675553
-2.5846774295192896
-2.9591513606147624
-3.1187938140298437
-3.1899754907547355
-3.2189262009258046
-3.2249162395554305
-3.217694688036345
-1.9534714588370337
-2.4554192175816496
-2.712957091487572
-2.858241367944635
-2.943433006862349
-2.9933655411990445
-3.021346715514341
-3.0352181537046694
-1.1581165467401542
-1.7809566760656232
-2.1615829265415245
-2.4193787095860917
-2.592498170464437
-2.7096713970344557
-2.7895051687671892
-2.843893706793494
-2.8806206478109977
-1.2846627702150597
-1.679849385071645
-1.9782500831899048
-2.2108912361656516
-2.3868850825517485
-2.5181974181605975
-2.6157657722831225
-2.688189051332629
-2.741893646130912
-2.781622444605124
-1.2372071363951036
-1.585099844740499
-1.8472837654883694
-2.0589862170163307
-2.2292579059676405
-2.36454893050239
-2.4711542388126024
-2.5547815830523177
-2.6202384450767076
-2.6714125474223755
-0.7612228556406444
-1.2315630131544246
-1.521365370424457
-1.7536549534061656
-1.9472885344237025
-2.1090345935083934
-2.242995073912324
-2.352985886688498
-2.4427322528321977
-2.5156723858503964
-2.574820422411892
-2.622729873951559
-0.9500642388266325
-1.2486747928894768
-1.485045428067607
-1.6894722167122094
-1.8663429609438904
-2.018512675413634
-2.1483220285891944
-2.2581232884721065
-2.3503630723300017
-2.427465258455016
-2.49170223932666
-2.5451155215834387
-0.9772195625583054
-1.2491815670440432
-1.4625744695644498
-1.6472241348488659
-1.809631371630135
-1.952118931441518
-2.0762548016545774
-2.183581895546513
-2.275753940445165
-2.3544899573564413
-2.42148661417315
-2.478343928180951
-2.5265190712850356
-0.5932154886387767
-1.0185697831775529
-1.2598995780969011
-1.4543890089255316
-1.6232123707378463
-1.7728917559244537
-1.9058449319917428
-2.0234135353843605
-2.1267403232437005
-2.217005621892892
-2.2954539434902532
-2.3633536407848794
-2.4219453086893497
-2.4724000252925964
-2.5157926923998963
-0.8285868432272809
-1.0881807181915828
-1.2882865416081852
-1.4619945293858951
-1.615805142036906
-1.753419245596381
-1.8768029340460441
-1.9871400626734144
-2.0853575489495917
-2.1723464705549587
-2.24902863774214
-2.316354627722768
-2.3752773668782776
-2.4267225362395304
-2.4715646799430493
-0.9055687795090724
-1.1441571671232078
-1.326849544501276
-1.4839223719133432
-1.623576801894421
-1.7492631271834052
-1.862801347209682
-1.9652854808878297
-2.0575042119994436
-2.140149774988944
-2.213907823312722
-2.279482956326339
-2.337593453762198
-2.3889545583774123
-2.43426044552105
-2.4741694167719777
-0.5335924204128518
-0.9903808348502962
-1.2112415825800145
-1.3783676880116102
-1.519941432594334
-1.6454605110389449
-1.7588567541504896
-1.8620287080744058
-1.9560114330818268
-2.0414649262972264
-2.11890712474973
-2.188823539001252
-2.251710914114068
-2.308086379213356
-2.358480459355531
-2.4034243915258453
-2.44343722594895
-0.8713280994743919
-1.127189984594953
-1.3036511698193938
-1.447315689986302
-1.5706232557604263
-1.6805935095420044
-1.780752353419172
-1.8728126936569989
-1.957621792736127
-2.0356413586012305
-2.107186615278777
-2.1725412300463214
-2.232006473755635
-2.28591570117268
-2.3346316158028246
-2.378536241772936
-2.4180190606296192
-2.4534660797673196
-1.0481287076864683
-1.2699642815877932
-1.416767461355904
-1.5337445264123368
-1.6353525870017356
-1.7276421507316246
-1.8132879784849714
-1.893410322932536
-1.9684275280948602
-2.0384726084436435
-2.1035943034762603
-2.1638496765130695
-2.219341247823664
-2.2702257369320042
-2.316708890150863
-2.359034379907189
-2.3974711705424068
-2.432301650164758
-0.6422857445317967
-1.2625164113411855
-1.4464322998604087
-1.5523968119656635
-1.635985720150088
-1.711919001933453
-1.784355108231914
-1.8543282841072257
-1.9218603362120206
-1.986660123511609
-2.048386505473966
-2.106751437398271
-2.161556256102022
-2.212697707928258
-2.260159967604883
-1.6357001339836177
-1.6442537724521147
-1.67574343475772
-1.7091241509628592
-1.7493894492388768
-1.796131328454003
-1.8473797277849036
-1.90118080430852
-1.9559458262253278
-2.0104543530168737
-2.474174757485561
-2.0603706262565002
-1.9161639033594833
-1.8683707525478392
-1.8636964462860408
-1.881618822913303
-5.084291139626504
-2.8826607365765398
-2.3282396187791234
