-8.21402712812333
-6.7172717866234
-6.102545316713017
-4.44002837429982
-2.16527688868077
-1.932939878067568
0.0
0.033999210339445085
0.00017727471267647843
2.950652084621197e-05
0.10737430745251686
0.03023582065402408
0.009762798013021268
0.30639769154234386
0.13748063851515369
0.046041190192354975
0.4761195463176051
0.30774186863042985
0.10626020273593184
0.5291327873346141
0.5121476257450865
0.18130040108864165
0.7113881041803344
0.7325201770619145
0.26674799422216466
0.007151757747500653
0.0021805866637976123
0.0
-1.0164812062148647
0.0
0.07129252406824804
0.02256028881827632
0.43287140672410374
0.16984513456367978
0.053004361895595764
0.0005844845932827525
0.0
-2.0545285991719457
-3.309744414831671
-4.110020511770318
-4.610771766501436
-3.6863007524633673
-3.7836895279177933
0.0
0.002517748076975579
0.025681357455510163
0.021907190747439305
0.00040154399284375586
0.0007706189241858397
0.001637876185682785
0.0006711904590588347
0.0
-1.038333927212715
-3.268193135165759
-3.565109688547394
-8.527856591424435
-8.630080927570276
-9.222737049191737
-9.457898851462447
-7.869317521528763
-5.441650675005673
-5.97167533449406
-4.9650678206065395
-5.374704819072357
-4.54424450933019
-3.942384834243444
-4.993605527217896
-4.157630974250263
-3.597356368385388
-3.1943564262035515
-5.189057061659779
-3.7365699512916195
-3.1872401216129758
-2.856408325324095
-2.6216788057767872
-3.0642964545920894
-2.665776594712813
-2.469578416521709
-2.321167497867972
-1.8422241696100976
-2.0787677703190295
-2.0592638387468627
-2.0079371647065285
-1.9510911077491802
-1.500193820648593
-1.6520884665539097
-1.7000696991538007
-1.7046626216461007
-1.6925026790425797
-1.2832432707165018
-1.413704968740526
-1.4704868765244636
-1.496677578438522
-1.5075733949513743
-0.9327674479206823
-1.147622677716415
-1.2528631473800205
-1.3121718962138424
-1.3490092087247325
-1.373096245466089
-0.9089851335865379
-1.0514076044974898
-1.1398557594223158
-1.1998117756770634
-1.2428279020367348
-0.5981467379605213
-0.8556402822148453
-0.9783184567120713
-1.059962847045366
-1.1205058563685155
-1.1671577831370727
-0.6779316141178682
-0.8233004019719996
-0.9280060783042678
-1.0060043503958411
-1.0665904992352127
-1.1144371716287615
-0.3270758034570052
-0.6644199919442687
-0.802223211205812
-0.89861167809645
-0.9733942579089353
-1.0320524123522605
-1.0775546598527581
-0.5236702528128298
-0.6772731645020564
-0.7967351885293887
-0.8875557529987201
-0.9573814017762028
-1.0095471207917432
-0.07177831592386216
-0.5430826643328265
-0.6993818871536509
-0.8091679371071169
-0.8914478232115491
-0.9499042111297535
-0.9851524038332499
-0.42346308844780206
-0.6007687935409795
-0.7385837513536355
-0.8357879875309321
-0.9014664720828378
-0.9332586073351876
-0.9179945772781938
0.3516896433138716
-0.5015186339806285
-0.6800883439293375
-0.7918745107142052
-0.8676334705286675
-0.9028005515779982
-0.863184844854879
-0.4796259310190916
-0.45315538041143333
-0.6347959635404568
-0.7579390659604545
-0.8487202619941548
-0.9025198777715114
-0.898111035296092
-0.8085231772967211
0.010375929400021765
-0.5909228409679118
-0.7268823331598888
-0.839836678831294
-0.9237938397180707
-0.9669838968199891
-0.9538506527562127
-0.8722806378855438
-0.5115176871121981
-0.6870226567686459
-0.8343757871799945
-0.9556241428044945
-1.0494474242589806
-1.1071307321079762
-1.103962519088959
-0.9980409021193195
-0.6369701969036292
-0.8260659529354766
-0.9887635418618367
-1.1379727132993323
-1.2805017732934596
-1.3825204674718092
-1.3935677754382567
-1.2066319827436842
-0.4722639638102624
-0.805063234116916
-1.007909541761743
-1.200356036791572
-1.488877929545459
-1.7680000589696938
-1.943117876243301
-2.118254386974455
-3.0262985391146118
-0.8152937139455851
-0.9974990001496933
-0.971027919344518
-1.7630188799733464
-3.9378481067830045
-8.706451819293255
-10.22086673381116
