-9.344876172678129
-8.485730213338696
-8.04291761890242
-8.08240747362615
-8.598267030214679
-9.514992447502292
-10.730329288012301
-12.155034018147521
-13.724056883278807
-15.237268347161383
-16.80490840913293
-18.456314545306363
-20.031422115062398
-21.622108717592532
-23.165367274113972
-24.741434347042414
-26.288935569137852
-27.832389444052225
-29.400781223861582
-30.91975383724351
-32.486114651601746
-34.097860826718914
-35.74885425799785
-37.40587317769842
-38.19905895965789
-36.95102507903279
-35.72904319838537
-34.45813752133964
-33.24430857890978
-32.10926446276828
-30.931606362390898
-29.79721727825517
-28.666603037806155
-27.30886540534332
-26.03409552350834
-24.79900020917986
-23.560942559868334
-22.37141294211504
-21.14856153482824
-19.922240024879688
-18.70450766429954
-17.583018731880955
-16.627281452104935
-15.867275419849149
-15.332135207177936
-15.045873546358864
-4.614770065272096
-4.847052284093915
-6.412616287197666
0.0
nan
0.0
-10.086000309318399
-12.029357841219273
-12.11257529534318
-14.004770548286977
-7.914597409375188
-7.573357398648833
-5.046578624644361
-4.6420410697848435
-2.5198046796650813
-1.3695013962939164
0.0
0.007561661712770729
0.04072653662906589
0.04186395886596728
0.0036024018014870762
0.005983232933148841
0.016206907288740524
0.03125895151976543
0.04951262962994463
0.09291810487671626
0.10785499667812104
0.057705934288311056
0.040843830911519774
0.01768934215304796
0.027229170700092453
0.03635411768419772
0.05510990639148616
0.05698866903907174
0.10834351159880384
0.08489777213756611
0.0008250720919207311
0.0016810553411517049
0.0
-2.1994057201789543
-3.2270698188671
-2.513194355313638
-0.7398089598818143
-8.189379595895554
-8.334952915110538
-8.66635326105161
-9.142935113312943
-9.736688083009199
-10.420874648879577
-11.175025507989817
-11.980937284933761
-12.822044264192677
-13.691103574058301
-14.58147719921477
-15.48341469048154
-16.39221239548278
-17.303945082544132
-18.21707507850106
-19.128646571045493
-20.037602565470277
-20.944215776795367
-21.85045320623291
-22.76827910386732
-23.727513634578358
-24.82951084493099
-26.716851069480857
-6.302274432759921
-7.429945460802672
-7.9283462830942
-8.545896508153465
-9.212563827749113
-9.911709496913613
-10.64156744450903
-11.399440086711706
-12.181019909058422
-12.982165350849407
-13.79863365571564
-14.62589500499207
-15.460203055024133
-16.29877568878283
-17.139732866694086
-17.982020747112283
-18.826144356255952
-19.675362484963234
-20.538479885247636
-21.436845717504838
-22.422497847006294
-23.641652095619385
-25.78950308382834
-5.7191754197129185
-6.794407408974604
-7.738181603754776
-8.547593940313934
-9.308987777237016
-10.0588144761741
-10.812076685575306
-11.574269653891962
-12.346664754534789
-13.128515991820645
-13.918131853245825
-14.713662617322129
-15.513619486905268
-16.31724215452493
-17.12497622632055
-17.93937622464239
-18.766801595177224
-19.620841636041803
-20.52978209575528
-21.554846183949653
-22.84605164654154
-25.044958641712466
-5.472632734389079
-6.814735307876163
-7.802087231085037
-8.645467929039514
-9.435951868506491
-10.20591930440033
-10.969839330170606
-11.73428827575577
-12.501998122514761
-13.273778646061146
-14.049622163932876
-14.829460617488706
-15.613809199569033
-16.40451166301633
-17.20584488767768
-18.026377956519077
-18.882387879483883
-19.804720236211065
-20.854557639963055
-22.171074705680528
-24.341028722586856
-5.8543603614486415
-6.983550701256857
-7.933431313389381
-8.779989945203756
-9.580830665905742
-10.360277859309084
-11.130351854451218
-11.897245516270445
-12.664156789968668
-13.432812904832517
-14.204479424471884
-14.980806512001097
-15.764737080009713
-16.561702722363048
-17.381443542187494
-18.24110497017824
-19.171162446461327
-20.228930992939617
-21.541120965135228
-23.652404917338615
-1.2939096802924974
-6.061140427211109
-7.158769530358425
-8.08815270685989
-8.935257157784344
-9.742050705861558
-10.528257204682571
-11.304222700502665
-12.075717351990665
-12.846173642557202
-13.618046441843815
-14.393872309067973
-15.177308348062786
-15.974360936586647
-16.795084293635323
-17.656298867256226
-18.58670523181566
-19.638839069364174
-20.928277878990336
-22.96088640814647
-4.302055312025726
-6.269347426346396
-7.345226737181928
-8.262585661064081
-9.11070045701675
-9.923130805356571
-10.716676558388226
-11.500452865669384
-12.279784716356342
-13.058221196518057
-13.83892478819553
-14.625887981762144
-15.425207731259537
-16.2466667458046
-17.106121564851
-18.030001370863623
-19.0662020545939
-20.320923981532673
-22.268162253298645
-5.146965387993726
-6.501923104705822
-7.54854846123324
-8.458601342169512
-9.309370528060828
-10.129238911121034
-10.932526654013401
-11.727039341842085
-12.517458850533002
-13.307350511411675
-14.100710390660256
-14.90337012391543
-15.724508494052966
-16.57876363790389
-17.490220508524015
-18.502381013229865
-19.712667602349132
-21.56543862142995
-5.564277502131465
-6.7564447944569315
-7.77211765455654
-8.678872105790104
-9.535855438280691
-10.366669060017967
-11.182942166843441
-11.990765708576559
-12.793937696364608
-13.596177568753317
-14.40283108501214
-15.222370679947941
-16.068245724898812
-16.96236150029992
-17.9440263371226
-19.101214623924296
-20.835007289038693
-5.867398073691341
-7.023074149161815
-8.018286751424943
-8.928300595716232
-9.797055289779232
-10.643157284514233
-11.474811836147314
-12.295918036243389
-13.109684024338682
-13.920919729737939
-14.737550252825196
-15.572146704855506
-16.44484802465292
-17.39126205027708
-18.490648553882274
-20.107031206115952
-3.569326741451178
-6.158232761493028
-7.303995241792457
-8.293804117505497
-9.21605292591373
-10.103325444733565
-10.967581660517515
-11.812660726720548
-12.641120174085463
-13.45750742766489
-14.269753655356826
-15.090209147609496
-15.937923121723307
-16.845547425278333
-17.884823428343033
-19.38651675063904
-4.904464732863904
-6.476282652178798
-7.611014833777695
-8.612093643912479
-9.558484403747281
-10.468621114270965
-11.345999696602528
-12.192881829807682
-13.014613401267566
-13.820362397713904
-14.623373495852736
-15.442520613512416
-16.308262910752866
-17.285581158392915
-18.672006603782
-5.515232177112272
-6.828199314630928
-7.965221035358862
-9.002904414878923
-9.980546504971825
-10.901418951961224
-11.7702884190389
-12.596185942092236
-13.391812661315502
-14.172979321967128
-14.959487398472893
-15.780242575102225
-16.693860405450817
-17.967235947815492
-5.92747929691233
-7.230279279079619
-8.433609134816276
-9.513582897080692
-10.490184911690957
-11.382100578545
-12.207714523529752
-12.986776626201939
-13.739855980585608
-14.488859568938938
-15.261503413293198
-16.109577529760752
-17.2659783467075
-2.47556100166993
-6.33364496462182
-7.87766087000264
-9.092951926286014
-10.131029021576344
-11.040342436730157
-11.855146671705912
-12.606758684135952
-13.322982152881224
-14.028871078029107
-14.750954070364974
-15.533158158225687
-16.571657221116716
-5.490491069536591
-7.404856779938087
-8.75168511089593
-9.848711269395443
-10.758610010490921
-11.542501428179994
-12.249688087383515
-12.917370956382028
-13.574328264866473
-14.245497143239017
-14.965584995140649
-15.89106145955654
-6.85511835339462
-8.50572524204203
-9.676482476649854
-10.548463887291305
-11.267509509150004
-11.906161548851875
-12.51081567136769
-13.113936352038351
-13.738099964664388
-14.407165721411168
-15.238989554256243
-8.594329183346417
-9.661894084657922
-10.408736938359112
-11.014877226127423
-11.554350715901805
-12.07891347121009
-12.62586883333152
-13.214645554180377
-13.854762665342053
-14.628143945355186
-9.77042274766103
-10.305916292233684
-10.750772834395912
-11.154307157852063
-11.576535083271688
-12.069357375906437
-12.649540294723735
-13.300369459412712
-14.06545423497859
-9.870908896455362
-10.184515717827086
-10.42750297790053
-10.642152287984223
-10.919142351897234
-11.363381760898072
-12.000033240090039
-12.736724654024927
-13.561160044280506
-10.01296947170449
-9.999785006677085
-9.924449014548959
-9.934759484024715
-10.304721702489474
-11.204095760727478
-12.18513960205489
-13.171976604641692
-9.447565490501871
-8.871127616844937
-8.253171468726467
-7.832897791016705
-10.248846164839177
-12.010417121420108
-15.000548795375613
-10.1001381395989
