-16.47958863902303
-15.756838210438167
-15.263651564040352
-15.022655149704354
-15.045844054935886
-15.332056956048875
-15.867152160410006
-16.627118357059985
-17.58282150389289
-18.704281841755794
-19.96358450764573
-21.336336460882638
-22.802056941207454
-24.343959167073546
-25.308356089795115
-25.06432867890686
-24.97855592864961
-25.052663340193593
-25.285245195439252
-25.67199463909821
-26.20295578836343
-26.869831733480087
-27.665516852647784
-27.71263561257511
-27.331544560971782
-27.09310767670269
-27.00110440471697
-27.056804255527297
-27.259493246623936
-27.605964710611943
-28.09089893799
-7.411003255494165
-6.730891709575048
-6.642645393591784
-6.850938400429705
-7.169011743977144
-8.192361824015789
-9.554316003282041
-10.125778076646483
-8.589927172517715
-8.070288424327133
-6.014801314858498
-3.9593222441213953
-1.903872578913424
0.0
0.01031410466681848
0.0014619225813561343
0.004070029020539323
0.021920763093163487
0.057298058534037466
0.0018676317500876394
0.031822655620018736
0.013306511758699457
0.024892441069788163
0.0586049159319586
0.006842055227558319
0.11883344008290209
-27.31011299456341
-25.333704693420255
-25.20932103985671
-23.108528779232923
-21.007736824734053
-18.906944564389384
-18.798396919927818
-16.806152610263126
-14.705360350450182
-12.604568397095681
-12.263092956966446
-10.50377613850054
-8.402983881221921
-4.310597228359823
-5.654940652027678
-6.336658034469715
-6.886509237875294
-7.977199475699653
-0.5440904972946556
-5.270627251213999
-6.216476893532409
-6.555365923459391
-6.654193466140356
-7.056685526057765
-7.558211261718928
-8.006159143874884
-8.503945465016404
-9.164654063052458
-8.944279582830239
-8.928886060806391
-8.3414824325476
-7.5333641533808136
-7.419485046666196
-7.759315912798633
-8.033940250169113
-8.191280766692547
-8.327355855365681
-8.554899972390604
-8.867887536005746
-9.220143809284288
-9.621757404799613
-10.089564674766665
-10.59341926542109
-9.410603336107357
-10.806658731261397
-11.165688066883325
-11.058205981240144
-10.700820497608834
-10.31939587848583
-9.857450224859914
-9.436031723927387
-9.245561623292279
-9.273218238902917
-9.372963906242306
-9.475168652200495
-9.592715491152052
-9.757590093898104
-9.977196513753286
-10.24160370058247
-10.5463359266365
-10.88689777299655
-11.245913754023015
-10.980366958139452
-11.566620820924667
-11.617817500009776
-11.710351628520215
-11.909963085862767
-11.955510207913264
-11.83656915724551
-11.604964465974579
-11.322262426649164
-11.01952650480418
-10.754013015246763
-10.59025398571353
-10.536349108930754
-10.551835945450508
-10.603208016315062
-10.683850894734466
-10.79999550961766
-10.95462647105508
-11.144683540212686
-11.365123167198188
-11.60883135169994
-11.864358959549461
-12.117473377836744
-12.767740277164616
-12.856321423850675
-12.8446806973527
-12.829137475715587
-12.826743592877774
-12.777851448561718
-12.657168461075635
-12.478023518998565
-12.266865622407867
-12.050179950051533
-11.85886255509551
-11.72074191311411
-11.644065140701407
-11.618132226715549
-11.629105591085601
-11.67019646624077
-11.740372796721806
-11.839256927459639
-11.964627536729944
-12.112467814314398
-12.277034279914973
-12.450746369768178
-12.625080971691645
-12.792345821270853
-13.097211455952603
-13.924981442429537
-13.92593671455106
-13.863983484852806
-13.793475851500158
-13.720662939835533
-13.62858705661413
-13.504981590791028
-13.352525536833362
-13.183506457434056
-13.013937619155495
-12.860963464628854
-12.738690048168513
-12.65310003915755
-12.601985136626297
-12.579918908556126
-12.582698393884511
-12.608213952421668
-12.65513597099377
-12.72166859139817
-12.805061397259843
-12.9015057479724
-13.006253828934977
-13.11411007815289
-13.220198968574193
-15.135156443346458
-15.027911907570925
-14.925478102651912
-14.8174065648339
-14.712083705281966
-14.607765946187778
-14.496320561205165
-14.371413225065387
-14.233145720408608
-14.087312863452206
-13.942753915161116
-13.808894691127668
-13.693286719322616
-13.599640869942869
-13.527786937832618
-13.475517806457791
-13.440602608334583
-13.42163884528245
-13.417817500074177
-13.428341572448774
-13.451987097272523
-13.4868970449103
-13.530582268021229
-13.580112780211758
-13.632429503050622
-13.684656914776324
-16.37064544224354
-16.084856449313815
-15.895936326934427
-15.748290487826687
-15.620270976784225
-15.500427612438203
-15.380474603812917
-15.255372990976152
-15.124240950445964
-14.98981048828025
-14.856837036947164
-14.730330884294531
-14.61403597973496
-14.50954491274556
-14.416457109793297
-14.333441387249842
-14.259434057545073
-14.194245090430433
-14.138448019045105
-14.092904346413025
-14.058290580754223
-14.03478507481894
-14.021917753808362
-14.018537142194711
-14.022848143423815
-14.03250412672631
-18.721931328846846
-17.428457061375017
-17.07238262571534
-16.844490139060635
-16.676244352276107
-16.537576843884874
-16.411792512968614
-16.28885367334387
-16.163488822837103
-16.03446213272676
-15.903395601162051
-15.773143018470803
-15.646242123677014
-15.523814656228426
-15.405184547984952
-15.288431728669538
-15.17172140714436
-15.0546277408403
-14.938587116738432
-14.826397350503887
-14.721360705679858
-14.626580261263783
-14.544524937871921
-14.476768476803892
-14.423792091482724
-14.384796969221144
-14.357558002998022
-14.338475952962773
-19.044936575951542
-18.364501495069042
-18.022355036833062
-17.79189233129809
-17.622986480553752
-17.485982592688522
-17.36195986555004
-17.239147038975634
-17.111930286600323
-16.979834168417746
-16.84527363328533
-16.711048571329005
-16.57853492931339
-16.446656217283994
-16.31170251683471
-16.168478783357607
-16.013006847373923
-15.845217188867096
-15.669244379886994
-15.49156861732907
-15.319079806168903
-15.158025591556626
-15.013579819718887
-14.889599659084023
-14.7883343044593
-14.710003098290885
-14.652274166552438
-14.609859352687776
-19.964530717934455
-19.335997568070344
-18.997025550941824
-18.780411411883613
-18.626635232238662
-18.503435924389226
-18.388826534637083
-18.267714668454662
-18.1341363307183
-17.991047629823626
-17.84480436578533
-17.70029145099127
-17.558845632961418
-17.41722475689583
-17.26699584592804
-17.095802266833594
-16.89366597972205
-16.661030071042767
-16.408080746219174
-16.14807804534404
-15.89319888106902
-15.653655959557257
-15.437815106318068
-15.252236887540427
-15.101381867611124
-14.986930979421427
-14.90669694714047
-14.853147059890674
-14.812127582069108
-20.98796070778117
-20.377941189072438
-20.073576571181764
-19.89036004442315
-19.767975442123884
-19.674175175928493
-19.58105343976262
-19.46229235393862
-19.309819147902594
-19.13928557332316
-18.967771343512577
-18.80471603523526
-18.652498742875444
-18.50602377709663
-18.35007118168379
-18.155610686718486
-17.892368419212527
-17.56433578355663
-17.199822352759885
-16.825292361816846
-16.459942096868414
-16.118441329449876
-15.812780825637159
-15.55287242613665
-15.3462832964036
-15.197275468629469
-15.105089184536931
-15.060942684285964
-15.042188373807468
-23.28728097430516
-22.20430566165847
-21.812170202975675
-21.593208623660225
-21.46653813660671
-21.400716014676465
-21.37295518232081
-21.347374387124766
-21.237203712311224
-21.00858535584005
-20.75995596512262
-20.528123429526502
-20.327034443183713
-20.16111421536993
-20.025724835515323
-19.90202787905753
-19.732672100139688
-19.35451023024803
-18.821505656226122
-18.24306035968738
-17.66451016636224
-17.11065909991683
-16.600284014687215
-16.149867049831506
-15.774436334510849
-15.487053485402976
-15.297379875552501
-15.20946338169302
-15.218322659614294
-15.301617931448966
-15.378899865050075
-28.360509124949452
-7.715096393858454
