-35.458792899466445
-34.13038503041168
-32.870052795227565
-31.685920519971415
-30.586839451549146
-29.582290919936224
-27.97299297217688
-26.086733121912175
-24.190877444705297
-22.31321263546855
-20.458747876801137
-18.634410944738683
-16.849990440005556
-15.119625802220117
-18.658399323297566
-17.667367243243433
-16.856330125731137
-16.252257237308026
-15.878786644691436
-15.752328885203962
-15.878786644691436
-16.252257237308026
-16.832892425356192
-17.459147604435735
-18.063530449740323
-18.66946287006196
-19.281774554626985
-19.892817228667113
-20.50464208955186
-21.11944665313852
-21.739765032711713
-22.356468068751525
-22.958636512779147
-23.580497944548863
-24.18592786624717
-24.792926429642108
-25.403267386051976
-26.102222010534888
-26.931876909848892
-27.880566599107198
-28.93658573306899
-30.088635626881654
-31.326123186363994
-32.63933200736884
-34.019494321451226
-29.48129383198913
-28.8627404079502
-28.313578904701718
-27.744116137402827
-27.1211523593663
-26.408560108809972
-25.618532264170785
-24.78816506208242
-23.951181297222796
-23.140800814493378
-22.403885642366895
-21.832591815830533
-21.663739487031044
-28.80128128375199
-28.1583095929392
-27.658206696612694
-27.172490109420146
-26.659335821525726
-26.102242850794973
-25.504632347574347
-24.88476862910832
-24.268110259513858
-23.68635532367937
-23.18327053347391
-22.824891939887465
-22.697550736713954
-22.817678989747897
-28.211625150709892
-27.624588448830316
-27.170715263028583
-26.748063620723205
-26.318440064945825
-25.867868099915537
-25.396980733433928
-24.9169099626062
-24.446151986219967
-24.00932297090072
-23.637566282418156
-23.367178743521283
-23.22769916502409
-23.213616220508396
-27.636387696960494
-27.138772881248993
-26.7447940885973
-26.382173159670497
-26.022248642582834
-25.653802759279525
-25.276367232266722
-24.897210312806774
-24.529343240122323
-24.190062808805997
-23.899410677348467
-23.67687321656543
-23.534355524444013
-23.467523702344355
-27.071910136599865
-26.670778150869292
-26.343190680815898
-26.039880831519408
-25.741540704545656
-25.440370877792258
-25.1359002794496
-24.833082244929265
-24.540904201996977
-24.271039584421665
-24.036149197417075
-23.847308294599475
-23.71048201877539
-23.623557925975984
-26.52394774471384
-26.214549215888812
-25.952717681061614
-25.706337734157174
-25.46348530703712
-25.219490653041436
-24.97436755700958
-24.731706493965234
-24.49775549870414
-24.280380974757772
-24.087752554106284
-23.92667719828329
-23.800806584747164
-23.7094459886174
-25.99878980120966
-25.770717096176735
-25.56961971810311
-25.375962146387398
-25.183097928837736
-24.9887390706332
-24.793439672221094
-24.59999497245382
-24.412874422889157
-24.237506535144007
-24.079381137436965
-23.943021392562983
-23.831018211903675
-25.500770039209677
-25.34089190103829
-25.19338938635598
-25.047246647580366
-24.899190608252873
-24.748480761568242
-24.59605372482768
-24.444209481897204
-24.29627548262192
-24.156143549519587
-24.027688388598953
-23.914136153076278
-23.817510850505464
-25.030161415944907
-24.925240840662017
-24.82400169370154
-24.720139568925923
-24.61219925500469
-24.500277131056563
-24.38548648355605
-24.269775318216656
-24.155722102295925
-24.046240387955894
-23.94420732607911
-23.85207021417382
-23.771510654211937
-24.581026349377968
-24.521682141991423
-24.460875487780424
-24.394853354784257
-24.32307806317268
-24.24603868887773
-24.164878298986093
-24.081269957090072
-23.99728412581148
-23.915197148491632
-23.83725134175157
-23.765403462375907
-23.701110396180276
-24.144266761673975
-24.12686969958596
-24.102929437776442
-24.07151447674816
-24.032839911893255
-23.987640298643335
-23.93704271809409
-23.882511400649776
-23.825767393923492
-23.76866416705254
-23.71302995103227
-23.660501982214857
-23.71407565933861
-23.737941598926824
-23.749119588942833
-23.750233081508746
-23.742452855065018
-23.726806296342595
-23.704442198454124
-23.676691153030006
-23.64504256017215
-23.61107116932994
-23.57633391686046
-23.542258093477436
-23.287661228244932
-23.35325944126461
-23.398843260109476
-23.431267040147553
-23.452885161822756
-23.465128647488765
-23.46924636002986
-23.466517767819077
-23.45829763997732
-23.445987913445407
-23.430974467184267
-23.41455155560085
-22.864790128294345
-22.972227863671357
-23.052027373531082
-23.115124310092575
-23.165179422495743
-23.204132667939255
-23.233419723772744
-23.254351445424128
-23.268232584062996
-23.276376839919728
-23.280075880299346
-22.444434589389548
-22.594815211986035
-22.709067690554154
-22.80260156963619
-22.880514005542413
-22.945348559759744
-22.99881047094448
-23.042320274722865
-23.077208832515286
-23.10477381495355
-23.12627643173635
-22.027094535349303
-22.22161807004577
-22.370807056883177
-22.494804270057326
-22.60025077742115
-22.690375137847038
-22.76722858963856
-22.832415399822676
-22.88736323527835
-22.933418784720487
-22.971869096560738
-21.614194525040297
-21.85380597174581
-22.03851920139957
-22.193165371364064
-22.32597671851746
-22.440934830843165
-22.540510843059128
-22.62656595710393
-22.70069325753855
-22.764349801924567
-21.20702269736575
-21.492920092808937
-21.713891641366445
-21.899474750453535
-22.059547842649923
-22.19892287448916
-22.320573297631658
-22.426695596739293
-22.51911830003387
-22.599468757803624
-20.80705143190861
-21.140941263972394
-21.39909147387968
-21.615942319836897
-21.80314324028972
-21.966452763324558
-22.109451686716177
-22.234761472093275
-22.344519896634463
-22.44058375675235
-20.416525724720874
-20.80057096350319
-21.096932106903353
-21.3453032539051
-21.559329369132573
-21.74589511035651
-21.909326841919178
-22.05277443316441
-22.178761500175206
-20.038956033373744
-20.475590418471633
-20.811117139143636
-21.09095190126639
-21.331121072463894
-21.539898895166598
-21.72252787973016
-21.882796595540764
-22.023686826726905
-19.679187607315832
-20.171418919502607
-20.54656112526752
-20.857068612883513
-21.12200763124176
-21.351374415224825
-21.551501447705114
-21.72691059581313
-21.881094841127908
-19.346234284147492
-19.89622343967316
-20.309704326739094
-20.64864750508423
-20.935889199611637
-21.1834099187043
-21.398733843552602
-21.587155151462124
-19.05895683409543
-19.661658808928074
-20.108399503334205
-20.471259080238696
-20.776859680775488
-21.03909779643457
-21.266617812363393
-21.465425338313715
-18.842424037129557
-19.48096929413571
-19.950883384109936
-20.330437609486033
-20.64881426497151
-20.92127019760016
-21.157268931684726
-21.363343271589926
-18.71486502046006
-19.365151064056903
-19.844144214395673
-20.23083328236016
-20.554950190544655
-20.83218077564878
-21.072313254852148
-18.685302946865583
-19.32068411068998
-19.792614436559568
-20.175445797791145
-20.49728923858801
-20.77319291193144
-21.01267885000746
-18.75525169454254
-19.34915625343084
-19.797581923579823
-20.16514096165912
-20.4763200025422
-20.744526890059973
-20.97842312277428
-18.919668864768052
-19.447545711126406
-19.857109640192135
-20.19842848978526
-20.490776058835245
-20.745091010000362
-19.167219014359297
-19.608788392517262
-19.966134947362907
-20.271338108582313
-20.537509474095714
-19.481662523192387
