-221.917313
-222.356232
-223.801908
-226.235041
-229.624245
-233.927967
-239.09683
-245.076098
-251.80805
-259.234052
-267.296266
-275.938932
-285.109267
-294.758026
-304.839784
-315.313009
-325.356517
-322.425193
-310.736055
-299.342257
-288.278819
-277.585246
-267.305929
-257.490486
-248.193959
-239.476788
-231.404458
-224.046678
-217.475987
-211.765662
-206.986923
-203.205505
-200.47785
-198.847326
-198.340994
-198.967437
-200.716048
-200.839059
-190.529073
-180.876553
-171.992231
-164.000999
-157.039255
-151.249223
-146.769641
-143.723093
-142.201714
-142.02932
127.02932
112.02932
97.02932
82.02932
67.02932
52.02932
37.02932
22.02932
7.02932
-11.95695
-26.933631
-41.926987
-56.923845
-71.922013
-86.920813
-101.919966
-116.919337
-131.91885
-146.918463
-161.918148
-176.917886
-191.917666
-206.917477
79.977868
69.947098
54.2873
38.627502
27.751813
22.967704
7.307906
0.0
-1.47424
0.0
4.198507
20.63936
24.61304
42.75296
45.027573
64.86656
65.442105
83.478701
82.511145
66.665659
64.504792
52.473163
49.916629
46.943839
35.596947
19.937149
19.795333
4.277351
0.0
-11.382447
-27.042245
-32.430722
-42.702044
-58.361842
-74.02164
-84.656777
-89.681438
-105.341236
-121.001034
-136.660832
-136.882832
-152.320631
-167.980429
-183.640227
-189.108887
-187.086186
-171.426388
-155.76659
-145.051269
-140.106792
-124.446993
-108.787195
-93.127397
-92.825213
-77.467599
-61.807801
-46.148003
-40.599158
-30.488204
-14.828406
0.0
0.831392
11.626897
16.49119
32.150988
47.810786
63.470585
63.852952
79.130383
94.790181
85.606897
