11.365711
26.365711
41.365711
56.365711
71.365711
86.365711
101.365711
116.365711
131.365711
146.365711
151.13216
154.163379
158.561551
164.216878
171.004681
178.796025
187.465828
196.898081
206.98858
217.64579
228.790532
240.354999
252.281476
264.521003
277.03209
289.779566
302.73357
311.88598
311.091409
310.961195
303.961195
288.961195
273.961195
258.961195
243.961195
228.961195
213.961195
198.961195
183.961195
168.961195
153.961195
138.961195
123.961195
108.961195
93.961195
78.961195
63.961195
48.961195
33.961195
18.961195
3.961195
46.416293
49.358316
54.589235
60.04557
60.501049
53.077785
38.387449
32.663252
16.273849
12.24872
0.0
-104.197359
-111.081308
-124.623697
-133.179932
-133.019171
-122.79065
-112.592834
-100.692026
-92.166496
-78.593402
-71.740158
-56.494779
-51.313821
-34.396155
-30.887483
-12.297531
-10.461145
0.0
9.801093
9.965192
30.39153
31.899717
50.817868
53.998341
71.244205
76.096964
91.670543
98.195588
91.237642
83.04031
70.811304
60.941686
50.384966
38.843063
29.958629
16.744439
9.532291
0.0
43.609059
38.787004
21.510435
18.360667
0.0
-0.588189
-2.065671
-22.492009
-22.686813
-42.918346
-44.785437
-63.344684
-66.88406
-83.771022
-88.982684
45.788474
