7.97068
22.97068
18.634289
3.634289
-86.562241
-84.261904
-64.44864
-63.847371
-43.432838
-42.33504
-23.018305
-20.22144
-2.603772
0.0
1.89216
17.81076
24.00576
38.225293
46.11936
45.831457
35.596947
19.937149
19.795333
4.277351
0.0
-11.382447
-27.042245
-32.430722
-42.702044
-58.361842
-74.02164
-84.656777
-89.681438
-105.341236
-121.001034
-136.660832
-136.882832
-152.320631
-167.980429
-183.640227
-189.108887
-187.086186
-171.426388
-155.76659
-145.051269
-140.106792
-124.446993
-108.787195
-93.127397
-92.825213
-77.467599
-61.807801
-46.148003
-40.599158
-30.488204
-14.828406
0.0
0.831392
11.626897
16.49119
32.150988
47.810786
63.470585
63.852952
79.130383
94.790181
85.606897
43.609059
38.787004
21.510435
18.360667
0.0
-0.588189
-2.065671
-22.492009
-22.686813
-42.918346
-44.785437
-63.344684
-66.88406
-83.771022
-88.982684
45.788474
0.0
0.0
79.977868
69.947098
54.2873
38.627502
27.751813
22.967704
7.307906
46.943839
43.543794
42.432231
43.268897
39.59349
27.098749
17.47989
6.684217
0.0
-4.63371
-13.730316
-26.74731
-34.144849
-48.86091
-54.559382
-70.97451
-74.973915
-104.197359
-111.081308
-124.623697
-133.179932
-133.019171
-122.79065
-112.592834
-100.692026
-92.166496
-78.593402
-71.740158
-56.494779
-51.313821
-34.396155
-30.887483
-12.297531
-10.461145
0.0
9.801093
9.965192
30.39153
31.899717
50.817868
53.998341
71.244205
76.096964
91.670543
98.195588
91.237642
83.04031
70.811304
60.941686
50.384966
38.843063
29.958629
16.744439
9.532291
