10.581938
25.581938
40.581938
55.581938
70.581938
85.581938
100.581938
115.581938
130.581938
145.581938
160.581938
175.581938
190.581938
205.581938
-220.581938
-220.765467
-221.883734
-224.003106
-227.095555
-219.279819
-204.279987
-189.280181
-174.280408
-159.280678
-144.281004
-129.281407
-114.281914
-99.282575
-84.283472
-69.284756
-54.28675
-39.290267
-24.298125
-9.331277
43.543794
42.432231
43.268897
39.59349
27.098749
17.47989
6.684217
0.0
-4.63371
-13.730316
-26.74731
-34.144849
-48.86091
-54.559382
-70.97451
-74.973915
0.0
14.615812
19.924104
30.27561
45.935408
61.595206
72.021388
66.916544
51.256745
0.0
6.016322
13.259174
26.44266
35.357798
46.868997
57.456422
67.295335
73.807133
69.478621
63.85211
59.213342
-1.043987
46.943839
45.788474
-86.562241
-84.261904
-64.44864
-63.847371
-43.432838
-42.33504
-23.018305
-20.22144
-2.603772
0.0
1.89216
17.81076
24.00576
38.225293
46.11936
45.831457
