11.038805
26.038805
41.038805
56.038805
71.038805
79.418062
64.418062
49.418062
34.418062
19.418062
4.418062
53.27847361970745
48.914261834575356
55.421142173119584
50.47165621698761
48.815673500054345
49.839753142740705
50.45689513236416
49.67357756488949
48.68411824864145
47.7901621567049
47.290852837569645
48.073497418864626
41.43884321905901
45.37478709612494
47.38137406356799
48.016089405305515
47.36380474322473
45.699573434271045
43.06537242198636
38.08352913724117
31.232044762116843
38.473533260335515
44.060830038153284
48.34819773572415
50.78698324584277
49.64582868631761
46.130200204669634
41.39636196992207
35.56255381870924
24.107862701984597
0.0
0.0
46.416293
49.358316
54.589235
60.04557
60.501049
53.077785
38.387449
32.663252
16.273849
12.24872
45.788474
6.016322
13.259174
26.44266
35.357798
46.868997
57.456422
67.295335
73.807133
69.478621
63.85211
59.213342
