11.365711
26.365711
41.365711
56.365711
71.365711
86.365711
101.365711
116.365711
131.365711
146.365711
151.13216
154.163379
158.561551
164.216878
171.004681
178.796025
187.465828
196.898081
206.98858
217.64579
228.790532
240.354999
252.281476
264.521003
277.03209
289.779566
302.73357
311.88598
311.091409
310.961195
303.961195
288.961195
273.961195
258.961195
243.961195
228.961195
213.961195
198.961195
183.961195
168.961195
153.961195
138.961195
123.961195
108.961195
93.961195
78.961195
63.961195
48.961195
33.961195
18.961195
3.961195
46.416293
49.358316
54.589235
60.04557
60.501049
53.077785
38.387449
32.663252
16.273849
12.24872
0.0
-104.197359
-111.081308
-124.623697
-133.179932
-133.019171
-122.79065
-112.592834
-100.692026
-92.166496
-78.593402
-71.740158
-56.494779
-51.313821
-34.396155
-30.887483
-12.297531
-10.461145
0.0
9.801093
9.965192
30.39153
31.899717
50.817868
53.998341
71.244205
76.096964
91.670543
98.195588
91.237642
83.04031
70.811304
60.941686
50.384966
38.843063
29.958629
16.744439
9.532291
0.0
38.590515134190866
50.90854661748029
49.89196868073365
60.32716277598344
58.949256302357966
57.11176516865659
67.46156136741064
64.9576737110498
64.26799907872271
63.654649708470124
70.78433078808536
68.54809270864273
68.10432269442458
68.7478805369593
69.9444289077956
67.45404013168626
68.43103947341237
69.27623639553482
70.76410851080222
72.91505609310072
76.14323044496042
60.025806402041304
64.25214748714802
67.44505273151721
70.32997013606274
73.39000853233141
77.00722194001077
82.323973081619
51.211492638553686
57.845158573856935
63.14723161475356
67.65218175564915
71.84605749664951
76.16146945328586
81.11629992438415
88.49439502081938
11.309488143778353
41.48919422469979
50.26265958909854
57.33807017048428
63.31145871775102
68.66835373577666
73.79603324065259
79.10491179378765
85.22240890075132
94.57585182516267
4.498854743711114
31.127785788999248
42.04072682890492
50.68650567358929
57.933579495994316
64.3488242725591
70.29607472258304
76.1062322445993
82.17608363354685
89.20925373469915
100.27405343290987
-2.597048699660802
23.737012559655142
34.57257998849886
43.915998411158846
52.082234870101054
59.36653776676594
66.05341850254388
72.4085137874056
78.71149117544863
85.33222099625111
92.9676836942348
104.66156459990238
-9.966146724823563
15.41904596679191
27.64373553816152
37.61653660364535
46.301890922320986
54.169646802653155
61.4340835582788
68.2832720469696
74.91740708189617
81.5723388361489
88.58241621891135
96.59803070327821
108.52138205447162
-17.15810007986858
7.25423493702837
20.684659465932956
31.500532129260623
40.76013921852182
49.07175280193386
56.7497667642789
63.98440021460258
70.93256169952816
77.76011761388082
84.6718610803574
91.97264653757514
100.27957146049228
112.47447450134904
-23.729010715126538
-0.1691368337395052
14.178010934830349
25.66030300043559
35.45578478286916
44.18231935768724
52.19414094321517
59.71823049811496
66.9155562887218
73.9245291532395
80.89176959834431
88.00303044311
95.5466165166803
104.13264682014223
116.7190686683299
-28.922712778276733
-6.277826794659678
8.607047918849812
20.467881451585868
30.603415606811545
39.62872343548181
47.894072477550445
55.631501635881776
63.00853709234911
70.15837114767722
77.20358737067647
84.27844406999857
91.55879345719985
99.32896797819062
108.21421839870473
121.31615618110622
-30.322598226733348
-10.06131314282426
4.58982579436244
16.369630109557708
26.53321087290596
35.64210648689011
44.01452107855078
51.8611973938478
59.33743612384676
66.56763672985196
73.66122457971566
80.72725396971153
87.8919438686325
95.32806301762643
103.32600489031647
112.54261494310124
126.27405360714134
-24.86515223446842
-9.824050080741053
2.9949132550074733
13.903925698170754
23.624967047898608
32.50506419786148
40.76731507911952
48.569579036102866
56.034130821489015
63.26329955287555
70.34921659441217
77.38220707812556
84.46077135692278
91.70680287582852
99.2953837791369
107.53074689019168
117.11377140680133
131.57571511316274
-16.566833023083397
-5.73716518417309
4.313495713193268
13.529220035873728
22.234266273633875
30.493716034868285
38.37027874147293
45.92994134979952
53.23860404813633
60.36124946507303
67.36321747632503
74.31289962013444
81.28628217390786
88.37471377413192
95.6993426951269
103.442175128314
111.92760453890732
121.91051304382921
137.19089548505718
-7.550325981495442
0.23208167606094357
7.839457003926289
15.165331346496794
22.485349849250404
29.77583032987931
36.98581919717553
44.086786247632155
51.07594974926405
57.96937139567155
64.79654711522493
71.59798109234356
78.42546741934233
85.34519097312558
92.44482957950687
99.84827203651669
107.74864888552243
116.49607731584425
126.90809797007155
143.08244399501038
1.6596690581456572
7.0379671486799875
12.599509970144013
18.22494953756687
24.129287372537984
30.293110964795098
36.642983801959204
43.103659829917405
49.620309989283705
56.16242053851102
62.72091886825539
69.3046363004472
75.93833381431104
82.66299161659755
89.5389691278315
96.65350218566331
104.13650997704723
112.1962351214409
121.21384930405151
132.07779640476676
149.209728011942
10.73200071394139
14.12731422824528
17.953120478888344
22.105789236256225
26.718480995708873
31.771960803017624
37.20016458989924
42.921483852360794
48.859402440073545
54.95351865538217
61.163259845001505
67.46766832497629
73.86416016708927
80.36802083107602
87.01367827917089
93.85875102501315
100.99267676594008
108.5543005328707
116.7707969168793
126.05987667005942
137.38954107720556
155.53045549666857
6.182010295382505
19.066680362959694
21.06935045822285
23.466741897384182
26.35296429691274
29.821580438562645
33.85413043419569
38.39268392176906
43.36103837607428
48.679269794235786
54.27415545019056
60.08570525048919
66.07026788210095
72.20148356161184
78.47056042119961
84.88712722189263
91.48171962175155
98.31111720582888
105.46863927479761
113.10420411137335
121.46739591150951
131.01832563624237
142.81448304604103
162.0015552146288
26.178893945104214
27.23675267866249
27.652824915953236
28.868775053212914
30.649647514503602
33.09266514121007
36.1963684177946
39.911288851356026
44.16536146322743
48.87854436581387
53.97230907730927
59.376061307599144
65.03119383202997
70.89333238339329
76.93353397130518
83.13933172133962
89.51655305821158
96.09292414500871
102.9248394058131
110.10972727620678
117.8093393076317
126.29820020338174
136.08490362805102
148.3285645830449
168.57956105849516
39.842287252815886
36.350454234046246
34.76281393760912
34.341968270480514
34.89773766100016
36.305791793729476
38.51141537073894
41.45072964998045
45.04184818669142
49.19570956755814
53.82508725376033
58.84998664240322
64.20070667587106
69.81959712051969
75.66212808996961
81.69777546861089
87.91129167187614
94.30507972122265
100.90366225614345
107.76181137981469
114.97920180804412
122.72768824147454
131.30685125867663
141.2788588913363
153.91934876849257
175.22099131416113
42.222684495271906
40.34273524444796
39.31697388013618
39.41566634374504
40.59126332667405
42.723073146957624
45.67634298674849
49.32294125065556
53.54885615013274
58.25598639118039
63.3611402681781
68.7946883241819
74.4996971032172
80.43162346867472
86.55860937195115
92.86262656155917
99.34202088032738
106.01644948416123
112.93600208521865
120.19794212645253
127.9783423877682
136.59654711640562
146.668448704261
159.6018400592144
181.88367945769247
45.07969936951521
42.77547935771545
42.33442726655169
43.433631480409396
45.7009485580352
48.88178385668954
52.78397203127026
57.26576671514732
62.22009116518037
67.56248064853953
73.22449019496787
79.15048593979927
85.29623616123655
91.62864376800053
98.12657269150998
104.78318621356206
111.61078291377616
118.65010757572661
125.98816674605942
133.79332024313672
142.38904766529873
152.43042850992853
165.46084286470605
188.5313745021839
43.92319602225426
43.17544509536831
44.549785863259345
47.30245263986179
51.01190015315526
55.41870127007025
60.372555739135315
65.7709433996961
71.53461820135952
77.5991292321951
83.91141125001938
90.42819565357036
97.11544683567462
103.94877570842664
110.91519956360074
118.01715929508954
125.28074757296105
132.77241861945808
140.63410252689187
149.16198545324937
159.00397200832103
171.78597321264837
195.1427198521117
40.96653311133668
43.26320782865232
47.23081524546136
51.92053173404946
57.162432562300246
62.87583937501818
68.98734432449363
75.43001987515369
82.14589882377362
89.0857988058822
96.20842018942193
103.47965353967882
110.87248197969603
118.36784040364786
125.9571216207735
133.6478628056473
141.47622854779078
149.53551039455846
158.0467233513776
167.55577349656988
179.5985893974504
201.85173008813493
37.7939847422166
44.53064955438998
50.92067266129162
57.61595868306098
64.69618726160816
72.11589946255754
79.81837751864252
87.75284047648834
95.87596236736343
104.15085062651673
112.54592648939179
121.03419107034736
129.59304367837507
138.2049311983274
146.85953654523328
155.5593507267491
164.33382042708647
173.27884932089586
182.68830270879326
193.6410654719628
213.1240300291286
43.609059
38.787004
21.510435
18.360667
0.0
-0.588189
-2.065671
-22.492009
-22.686813
-42.918346
-44.785437
-63.344684
-66.88406
-83.771022
-88.982684
45.788474
