0 -221.917313
1 -222.356232
2 -223.801908
3 -226.235041
4 -229.624245
5 -233.927967
6 -239.09683
7 -245.076098
8 -251.80805
9 -259.234052
10 -267.296266
11 -275.938932
12 -285.109267
13 -294.758026
14 -304.839784
15 -315.313009
16 -325.356517
17 -322.425193
18 -310.736055
19 -299.342257
20 -288.278819
21 -277.585246
22 -267.305929
23 -257.490486
24 -248.193959
25 -239.476788
26 -231.404458
27 -224.046678
28 -217.475987
29 -211.765662
30 -206.986923
31 -203.205505
32 -200.47785
33 -198.847326
34 -198.340994
35 -198.967437
36 -200.716048
37 -200.839059
38 -190.529073
39 -180.876553
40 -171.992231
41 -164.000999
42 -157.039255
43 -151.249223
44 -146.769641
45 -143.723093
46 -142.201714
47 -142.02932
48 127.02932
49 112.02932
50 97.02932
51 82.02932
52 67.02932
53 52.02932
54 37.02932
55 22.02932
56 7.02932
57 7.97068
58 22.97068
59 18.634289
60 3.634289
61 11.365711
62 26.365711
63 41.365711
64 56.365711
65 71.365711
66 86.365711
67 101.365711
68 116.365711
69 131.365711
70 146.365711
71 151.13216
72 154.163379
73 158.561551
74 164.216878
75 171.004681
76 178.796025
77 187.465828
78 196.898081
79 206.98858
80 217.64579
81 228.790532
82 240.354999
83 252.281476
84 264.521003
85 277.03209
86 289.779566
87 302.73357
88 311.88598
89 311.091409
90 310.961195
91 303.961195
92 288.961195
93 273.961195
94 258.961195
95 243.961195
96 228.961195
97 213.961195
98 198.961195
99 183.961195
100 168.961195
101 153.961195
102 138.961195
103 123.961195
104 108.961195
105 93.961195
106 78.961195
107 63.961195
108 48.961195
109 33.961195
110 18.961195
111 3.961195
112 11.038805
113 26.038805
114 41.038805
115 56.038805
116 71.038805
117 79.418062
118 64.418062
119 49.418062
120 34.418062
121 19.418062
122 4.418062
123 10.581938
124 25.581938
125 40.581938
126 55.581938
127 70.581938
128 85.581938
129 100.581938
130 115.581938
131 130.581938
132 145.581938
133 160.581938
134 175.581938
135 190.581938
136 205.581938
137 -220.581938
138 -220.765467
139 -221.883734
140 -224.003106
141 -227.095555
142 -219.279819
143 -204.279987
144 -189.280181
145 -174.280408
146 -159.280678
147 -144.281004
148 -129.281407
149 -114.281914
150 -99.282575
151 -84.283472
152 -69.284756
153 -54.28675
154 -39.290267
155 -24.298125
156 -9.331277
157 -5.809179
158 -20.746575
159 -35.736455
160 -50.732318
161 -63.092865
162 -48.095337
163 -33.100049
164 -18.112566
165 -3.24297
166 -11.95695
167 -26.933631
168 -41.926987
169 -56.923845
170 -71.922013
171 -86.920813
172 -101.919966
173 -116.919337
174 -131.91885
175 -146.918463
176 -161.918148
177 -176.917886
178 -191.917666
179 -206.917477
180 0.0
181 4.198507
182 20.63936
183 24.61304
184 42.75296
185 45.027573
186 64.86656
187 65.442105
188 83.478701
189 82.511145
190 66.665659
191 64.504792
192 52.473163
193 49.916629
194 43.543794
195 42.432231
196 43.268897
197 39.59349
198 27.098749
199 17.47989
200 6.684217
201 0.0
202 -4.63371
203 -13.730316
204 -26.74731
205 -34.144849
206 -48.86091
207 -54.559382
208 -70.97451
209 -74.973915
210 -86.562241
211 -84.261904
212 -64.44864
213 -63.847371
214 -43.432838
215 -42.33504
216 -23.018305
217 -20.22144
218 -2.603772
219 0.0
220 1.89216
221 17.81076
222 24.00576
223 38.225293
224 46.11936
225 45.831457
226 46.416293
227 49.358316
228 54.589235
229 60.04557
230 60.501049
231 53.077785
232 38.387449
233 32.663252
234 16.273849
235 12.24872
236 0.0
237 0.0
238 14.615812
239 19.924104
240 30.27561
241 45.935408
242 61.595206
243 72.021388
244 66.916544
245 51.256745
246 35.596947
247 19.937149
248 19.795333
249 4.277351
250 0.0
251 -11.382447
252 -27.042245
253 -32.430722
254 -42.702044
255 -58.361842
256 -74.02164
257 -84.656777
258 -89.681438
259 -105.341236
260 -121.001034
261 -136.660832
262 -136.882832
263 -152.320631
264 -167.980429
265 -183.640227
266 -189.108887
267 -187.086186
268 -171.426388
269 -155.76659
270 -145.051269
271 -140.106792
272 -124.446993
273 -108.787195
274 -93.127397
275 -92.825213
276 -77.467599
277 -61.807801
278 -46.148003
279 -40.599158
280 -30.488204
281 -14.828406
282 0.0
283 0.831392
284 11.626897
285 16.49119
286 32.150988
287 47.810786
288 63.470585
289 63.852952
290 79.130383
291 94.790181
292 85.606897
293 79.977868
294 69.947098
295 54.2873
296 38.627502
297 27.751813
298 22.967704
299 7.307906
300 0.0
301 0.0
302 6.016322
303 13.259174
304 26.44266
305 35.357798
306 46.868997
307 57.456422
308 67.295335
309 73.807133
310 69.478621
311 63.85211
312 59.213342
313 43.609059
314 38.787004
315 21.510435
316 18.360667
317 0.0
318 -0.588189
319 -2.065671
320 -22.492009
321 -22.686813
322 -42.918346
323 -44.785437
324 -63.344684
325 -66.88406
326 -83.771022
327 -88.982684
328 -104.197359
329 -111.081308
330 -124.623697
331 -133.179932
332 -133.019171
333 -122.79065
334 -112.592834
335 -100.692026
336 -92.166496
337 -78.593402
338 -71.740158
339 -56.494779
340 -51.313821
341 -34.396155
342 -30.887483
343 -12.297531
344 -10.461145
345 0.0
346 9.801093
347 9.965192
348 30.39153
349 31.899717
350 50.817868
351 53.998341
352 71.244205
353 76.096964
354 91.670543
355 98.195588
356 91.237642
357 83.04031
358 70.811304
359 60.941686
360 50.384966
361 38.843063
362 29.958629
363 16.744439
364 9.532291
365 0.0
366 -158.2127175930616
367 -158.11393859503787
368 -159.42419319625273
369 -161.23681988139433
370 -163.35843649028237
371 -165.71446042487213
372 -168.25806553056168
373 -170.94781346376018
374 -173.74025889613952
375 -176.5862919897702
376 -179.4277746928406
377 -182.1925132579063
378 -184.78491979216574
379 -187.0663404863806
380 -188.80888809811628
381 -189.60215479124648
382 -188.94686214695002
383 -186.9625710169515
384 -184.16174466577158
385 -180.88913707855465
386 -177.33114435206195
387 -173.60259226493312
388 -169.78302504771074
389 -165.9325568296103
390 -162.09954118315642
391 -158.32447704407
392 -154.6419082628683
393 -151.0810709465218
394 -147.665607884343
395 -144.41244006087166
396 -141.32970383948665
397 -138.41341085328537
398 -135.64196120896804
399 -132.96630024860306
400 -130.2896749442431
401 -127.42116932847158
402 -124.02575369712827
403 -119.84385277168937
404 -115.1309961153303
405 -110.07007577888618
406 -104.67216332735713
407 -98.80160339706102
408 -92.11139157326404
409 -83.80778327371624
410 -71.71741513349266
411 -42.78708225831389
412 -149.45396883119017
413 -148.08023442164946
414 -148.73338336351594
415 -150.13854510330978
416 -151.9164111536042
417 -153.91718453594376
418 -156.06273233579924
419 -158.29851952498515
420 -160.57611182519977
421 -162.84532370864972
422 -165.04926668153166
423 -167.11947054749498
424 -168.96925753227598
425 -170.4838557218473
426 -171.50859771171685
427 -171.85444922655583
428 -171.37846695328318
429 -170.10576311564165
430 -168.1988834849267
431 -165.83238894221603
432 -163.13906631236378
433 -160.2143237363818
434 -157.12857753631806
435 -153.93607325035285
436 -150.68025199343137
437 -147.396857453777
438 -144.11559038091679
439 -140.8607550909995
440 -137.65111236236217
441 -134.49900029702928
442 -131.4086559877206
443 -128.3735185678496
444 -125.37206775986384
445 -122.36145033872371
446 -119.26830014732326
447 -115.98049571402254
448 -112.36278746442991
449 -108.32773774023798
450 -103.88093107705026
451 -99.02954678448035
452 -93.69401518567736
453 -87.64804485194477
454 -80.40510621805466
455 -70.91411589678232
456 -56.55136207319444
457 -26.25952503885846
458 -141.67786165821283
459 -140.04270565087697
460 -140.3263261816925
461 -141.43542020731027
462 -142.9634419770721
463 -144.72426186661627
464 -146.61705813194618
465 -148.57527272110147
466 -150.54510040459806
467 -152.47531796242166
468 -154.31155517272052
469 -155.99215810785128
470 -157.444544133984
471 -158.58243825129136
472 -159.3073316368874
473 -159.52262575678765
474 -159.16701512866922
475 -158.2460825078334
476 -156.8251420043146
477 -154.99269782594087
478 -152.83232354868022
479 -150.41352847460593
480 -147.79224894031034
481 -145.01369207161528
482 -142.11496857225188
483 -139.1269634134898
484 -136.07545539524327
485 -132.98158986494204
486 -129.86177879628445
487 -126.72704664702272
488 -123.58178590203984
489 -120.42184906578319
490 -117.23192416053426
491 -113.98235964587019
492 -110.62646652874002
493 -107.10164976533298
494 -103.34017950521412
495 -99.2876694550733
496 -94.90490178545348
497 -90.13431289486793
498 -84.84848339420496
499 -78.78585758159898
500 -71.44017366228944
501 -61.81441097441085
502 -47.72497493624777
503 -20.611020986382503
504 -133.97898891445388
505 -132.57087560874638
506 -132.76786031244413
507 -133.72786089841026
508 -135.10080628753198
509 -136.70510473306354
510 -138.43397864142779
511 -140.2153686124554
512 -141.99267887174034
513 -143.7148724805458
514 -145.33096220027673
515 -146.78671131732253
516 -148.02282875206942
517 -148.97510241728764
518 -149.57813253163798
519 -149.77476044618967
520 -149.5301050769517
521 -148.84199557881274
522 -147.73867829988566
523 -146.26593943370122
524 -144.47390491142846
525 -142.40946160115692
526 -140.1136800431271
527 -137.62176906477984
528 -134.96386245687978
529 -132.16585226586446
530 -129.24998159867081
531 -126.23511431349006
532 -123.13665952244104
533 -119.96612952762558
534 -116.73030012061885
535 -113.42996695127923
536 -110.05840865890283
537 -106.59994809170593
538 -103.02947538537961
539 -99.31418604041478
540 -95.4178917756807
541 -91.30432006966895
542 -86.93116814180159
543 -82.22903228270069
544 -77.06579219918646
545 -71.19395306706159
546 -64.1631761210436
547 -55.141570900622455
548 -42.40259317645292
549 -18.94355307644457
550 -126.21414397888398
551 -125.26842186522262
552 -125.57473124836721
553 -126.51997108994382
554 -127.83294547683192
555 -129.35874695151767
556 -130.99810809797233
557 -132.68050656930149
558 -134.3500174606031
559 -135.9573967791347
560 -137.45553334056402
561 -138.79693039284763
562 -139.9327559608224
563 -140.81361283765972
564 -141.39251732484908
565 -141.63022725698895
566 -141.50154844650694
567 -140.9994245912557
568 -140.13407919811428
569 -138.92782858562293
570 -137.40881384579433
571 -135.60630431783295
572 -133.5481911307454
573 -131.26006984341228
574 -128.7651405165339
575 -126.08439853169688
576 -123.23684446223551
577 -120.23959783983868
578 -117.10786361084786
579 -113.85470278711485
580 -110.4905427387305
581 -107.02238355098136
582 -103.45278623594531
583 -99.77901773150177
584 -95.99303402720078
585 -92.0827712215373
586 -88.033899782981
587 -83.8292032900863
588 -79.44176890637651
589 -74.81893834411954
590 -69.85457298791302
591 -64.34621227597135
592 -57.927421337308175
593 -49.93157019529585
594 -38.96742323462949
595 -19.150249508145993
596 -118.3608185789104
597 -117.99892960038581
598 -118.54117089226823
599 -119.57782531456022
600 -120.91653520390457
601 -122.43694146279056
602 -124.05470058675863
603 -125.70584523391925
604 -127.33804171659231
605 -128.90526109548742
606 -130.36451269289367
607 -131.6740190183451
608 -132.7926042585954
609 -133.68030148082383
610 -134.30021455353017
611 -134.62137852914734
612 -134.62176248421522
613 -134.29010176016467
614 -133.62561145015934
615 -132.63578985585488
616 -131.3334659359035
617 -129.73423082950444
618 -127.85475012818686
619 -125.71188113699556
620 -123.32229924464481
621 -120.70236855821449
622 -117.8681078012688
623 -114.83520252309415
624 -111.61905014384304
625 -108.23478389503136
626 -104.69714117224392
627 -101.01998476935795
628 -97.21535191391739
629 -93.29231470104142
630 -89.25669373009222
631 -85.11268815696484
632 -80.86536753401077
633 -76.52040866013816
634 -72.078388439234
635 -67.52276188780034
636 -62.796374788325636
637 -57.75970917260154
638 -52.133116570031646
639 -45.39451551340641
640 -36.41592074507911
641 -20.24858148089239
642 -110.42090557934678
643 -110.70683906514105
644 -111.56605586649572
645 -112.77408409190778
646 -114.21156995453504
647 -115.79327419491608
648 -117.45239791311312
649 -119.13408837863409
650 -120.79142832851043
651 -122.38258187458547
652 -123.86878381868381
653 -125.21308817905386
654 -126.37986989241288
655 -127.33509099853147
656 -128.04727527101565
657 -128.48895883262423
658 -128.63815647487675
659 -128.47928425197
660 -128.00318386977528
661 -127.20633306958189
662 -126.08967566088117
663 -124.65752535579885
664 -122.91676777434722
665 -120.8763459184115
666 -118.54690900582027
667 -115.94052497778115
668 -113.07044460961006
669 -109.95100356560845
670 -106.59777221258497
671 -103.02793725152942
672 -99.26068876641492
673 -95.31718409487091
674 -91.2194176524479
675 -86.98764656615879
676 -82.63838398837707
677 -78.18739724437127
678 -73.65751424447701
679 -69.08164143764999
680 -64.49632634989231
681 -59.9364196943798
682 -55.421342423700615
683 -50.894167187877045
684 -46.144944859784694
685 -40.77524853235502
686 -33.93217397263472
687 -21.568356556049192
688 -102.3969044271448
689 -103.36099693684719
690 -104.58879801653237
691 -106.02841422819431
692 -107.62647507538433
693 -109.33000393378548
694 -111.08932159625027
695 -112.85928845032703
696 -114.59919261789703
697 -116.27194267471181
698 -117.8430748359739
699 -119.2799057279208
700 -120.55102705219522
701 -121.62622930649998
702 -122.47683379825381
703 -123.07630051670941
704 -123.4008939408496
705 -123.43018804018571
706 -123.14730766767232
707 -122.53897468507944
708 -121.59551961164813
709 -120.31095654262035
710 -118.68307432709243
711 -116.71341607450003
712 -114.40705206032676
713 -111.77213362678083
714 -108.81933124354487
715 -105.56145557438131
716 -102.01367347550575
717 -98.19443023020301
718 -94.12669623269865
719 -89.83902374164069
720 -85.36497611577663
721 -80.73739497701824
722 -75.97896909176923
723 -71.105509669112
724 -66.15194910719002
725 -61.18721268083008
726 -56.28749290214457
727 -51.53827332581251
728 -47.091469846562845
729 -43.048705764339694
730 -39.19056544931709
731 -35.135856633105085
732 -30.5046056679462
733 -22.331289430557973
734 -94.28199612375798
735 -95.93114525068795
736 -97.56027398613062
737 -99.27912524047176
738 -101.09220401137624
739 -102.97394063611716
740 -104.88952421466117
741 -106.80286559796792
742 -108.679565480681
743 -110.48760505108261
744 -112.19701593838846
745 -113.77921333139949
746 -115.2063709248896
747 -116.451011735315
748 -117.48584647646864
749 -118.28380689776296
750 -118.81819786529788
751 -119.06293389993291
752 -118.9929225188621
753 -118.58474065294975
754 -117.81769821741392
755 -116.67513974531745
756 -115.14557580761473
757 -113.22325302249449
758 -110.90804809429518
759 -108.20473709880505
760 -105.121735732034
761 -101.66987883608311
762 -97.86247917015893
763 -93.71718525123467
764 -89.25836307607017
765 -84.52003511585248
766 -79.55041167131088
767 -74.40458276978693
768 -69.10801098271547
769 -63.640157118237376
770 -58.01992877886444
771 -52.39324696744108
772 -46.88895889269149
773 -41.52918687983723
774 -36.680740404367775
775 -33.06576064986137
776 -30.16412869463757
777 -26.822365948928297
778 -23.981812320481858
779 -20.420390526248234
780 -86.05016559136541
781 -88.37250735157362
782 -90.42592915038031
783 -92.46722363020768
784 -94.54794915455199
785 -96.66352507798761
786 -98.79079477009375
787 -100.90148987218674
788 -102.96742246212341
789 -104.96207102080619
790 -106.86048203619696
791 -108.63850449895193
792 -110.27191107386325
793 -111.73564399018107
794 -113.00322860596349
795 -114.0463270919521
796 -114.8344285451182
797 -115.33475587254051
798 -115.51261621933918
799 -115.33257986986682
800 -114.76077702002131
801 -113.76796015088165
802 -112.33217656917644
803 -110.44002276323138
804 -108.08655045790664
805 -105.27417771372414
806 -102.01008179054892
807 -98.302492014146
808 -94.1596915541842
809 -89.59451468852424
810 -84.62803000061844
811 -79.28945158370857
812 -73.63781120940233
813 -67.78754601968441
814 -61.79659386001323
815 -55.49624189535272
816 -48.72126069549979
817 -41.86630825461916
818 -35.35248814484483
819 -28.486295741035526
820 -21.15805114897665
821 -17.886505040896516
822 -15.650331560418191
823 -7.262301596854902
824 17.023700178955025
825 8.802659790299444
826 -77.63746153822056
827 -80.60839642657241
828 -83.11254113430657
829 -85.52592457339634
830 -87.93229853227893
831 -90.3410720417434
832 -92.73751528292652
833 -95.10007430568315
834 -97.40700170429696
835 -99.6382175900063
836 -101.774920054732
837 -103.79837355419434
838 -105.68863338534263
839 -107.42345126095721
840 -108.97730929739863
841 -110.3204922305372
842 -111.41822056297626
843 -112.22997520277687
844 -112.7093491084334
845 -112.80530947470365
846 -112.4661127686495
847 -111.64567912135266
848 -110.30921658833536
849 -108.4348833347647
850 -106.01303170831845
851 -103.04562494396707
852 -99.5420307833657
853 -95.50785353571392
854 -90.93831795973695
855 -85.83271462330745
856 -80.20853064340544
857 -74.06246190496059
858 -67.39034012369629
859 -60.451208604440865
860 -53.59842054975024
861 -46.23897017454158
862 -37.146474259226665
863 -26.920763856035546
864 -18.898182828253162
865 -6.266502976165377
866 27.272789659639653
867 33.55304225845526
868 20.806158389035897
869 15.553742051331655
870 12.293344414833339
871 10.727414983909469
872 -68.89641795619916
873 -72.50484123956109
874 -75.51621106915435
875 -78.37280985276902
876 -81.17696841130577
877 -83.94754427871047
878 -86.67602531365034
879 -89.3472152098086
880 -91.94701559305949
881 -94.46385498359483
882 -96.88726633210615
883 -99.20576831603617
884 -101.40509844539947
885 -103.46692019566527
886 -105.36759784765731
887 -107.07672031084257
888 -108.55548702179348
889 -109.75511095296287
890 -110.61517321234055
891 -111.06321166507043
892 -111.02008698988618
893 -110.41404584564727
894 -109.19419442775809
895 -107.32987482201253
896 -104.80458354829165
897 -101.62182881639835
898 -97.80443975347424
899 -93.36095056433126
900 -88.25042642958378
901 -82.42327574329012
902 -75.92322912649415
903 -68.74246447173114
904 -60.38761572610591
905 -51.06735215783057
906 -42.98452029861579
907 -34.223796584324354
908 -18.01454213628652
909 57.04904851469117
910 27.13872006587219
911 23.93846943404236
912 22.517556989896306
913 19.762323135483506
914 16.274246908006837
915 13.595145542377598
916 11.45394580718434
917 10.317791291765202
918 -59.472893489076334
919 -63.84212053613524
920 -67.4927368354745
921 -70.90168865636335
922 -74.20051813122076
923 -77.41820712062
924 -80.55126127329913
925 -83.59182638087854
926 -86.53671001338394
927 -89.38707020243031
928 -92.14468444210235
929 -94.80827979013384
930 -97.37137172345594
931 -99.82136171062403
932 -102.13847970289272
933 -104.29351066580249
934 -106.24502336224188
935 -107.93706686035218
936 -109.29509036222095
937 -110.21785185196377
938 -110.57812573821752
939 -110.25656622127664
940 -109.18569396052453
941 -107.333799568337
942 -104.6617385126885
943 -101.1668170873389
944 -96.92181245216905
945 -91.97251719371563
946 -86.18041681049684
947 -79.29724077703358
948 -71.27504406240676
949 -62.98011911014114
950 -51.841998449790644
951 -30.531467074452326
952 4.2909218947788315
953 4.363421145903362
954 8.437693620891427
955 12.599791512559593
956 14.283509109975187
957 15.291639768711072
958 15.824848687721415
959 15.516802291627014
960 14.552012739530563
961 13.26835298553583
962 11.591984044066043
963 8.900472906923188
964 -48.583918313490415
965 -54.32207538795794
966 -58.837200243589194
967 -62.964003671584685
968 -66.89814003501645
969 -70.6779968448908
970 -74.3041254434033
971 -77.78021171772534
972 -81.12174922205877
973 -84.35098690346449
974 -87.488698393314
975 -90.54814264548085
976 -93.53303946982305
977 -96.43885379829817
978 -99.25347562935838
979 -101.9532017244828
980 -104.49662666784535
981 -106.82390419573268
982 -108.85602983940322
983 -110.46545386267955
984 -111.42968865841868
985 -111.5057798498908
986 -110.62882664496672
987 -108.84000680738265
988 -105.98859518807784
989 -101.98565451471563
990 -97.08906551166001
991 -91.5143488838588
992 -84.8063039490797
993 -76.03677622850796
994 -59.81559776003293
995 -26.362794084180962
996 -17.68329808788624
997 -10.950298905881175
998 -5.9657689321187615
999 -1.6420453341969816
1000 2.6379100013274837
1001 6.43994718510135
1002 9.391108985337155
1003 11.670309424939887
1004 13.408694972785652
1005 14.554786688110381
1006 15.095184153954811
1007 15.030588823798238
1008 14.005425955684883
1009 38.590515134190866
1010 -36.42975741803492
1011 -43.3449243597416
1012 -49.17305883397131
1013 -54.31980619996114
1014 -59.12415496631704
1015 -63.63679657024629
1016 -67.86970264909006
1017 -71.85273381146949
1018 -75.63829172717229
1019 -79.28591876043801
1020 -82.84669372701885
1021 -86.35437115865805
1022 -89.82430631375279
1023 -93.26136038763565
1024 -96.66858273434421
1025 -100.03952766208172
1026 -103.33704115343832
1027 -106.49385993468158
1028 -109.45906795941198
1029 -112.16035019351796
1030 -114.20874843334728
1031 -114.87204961555962
1032 -114.17827358368923
1033 -112.75660711796148
1034 -109.96341870957467
1035 -105.01139727802008
1036 -99.48912098047794
1037 -92.99658312405829
1038 -50.63895779483023
1039 -39.80350503732939
1040 -32.30050536829735
1041 -25.765871963865546
1042 -19.520973107210207
1043 -13.945207563765477
1044 -9.069008463975932
1045 -4.611436226864185
1046 -0.3724894605879082
1047 3.6018001551737937
1048 7.240145003935754
1049 10.564023393619827
1050 13.584787181561515
1051 16.24130981313909
1052 18.50616849148199
1053 20.454922591169026
1054 50.90854661748029
1055 49.89196868073365
1056 17.66110166591123
1057 -29.848774921402864
1058 -37.58494957821597
1059 -44.54901455112595
1060 -50.66778162625825
1061 -56.18700007947644
1062 -61.17666547540549
1063 -65.73789762528133
1064 -70.00166686805781
1065 -74.09484113497074
1066 -78.11647875925466
1067 -82.12969934695806
1068 -86.15910721503272
1069 -90.21229221405933
1070 -94.32124329720286
1071 -98.53549911918827
1072 -102.84650892256481
1073 -107.12116669773324
1074 -111.34817216187903
1075 -115.93203294186742
1076 -120.83304734833351
1077 -122.56249032638073
1078 -122.30183398928861
1079 -124.81886186625199
1080 -101.1389495283693
1081 -70.5423605671832
1082 -59.561002753486754
1083 -52.209257136849295
1084 -44.60754391481593
1085 -37.58834983991674
1086 -31.46597851618659
1087 -25.869310949085396
1088 -20.579325635254143
1089 -15.603734352169058
1090 -10.92671986896656
1091 -6.437426712891125
1092 -2.0241238195114515
1093 2.376549179502187
1094 6.8240434222413215
1095 11.401406347766795
1096 16.176186545243148
1097 21.188276105360597
1098 27.37558144403494
1099 60.32716277598344
1100 58.949256302357966
1101 57.11176516865659
1102 15.105299775221598
1103 35.60903468429548
1104 -23.044873965437016
1105 -32.801091089696726
1106 -41.21795630202543
1107 -48.20621720519374
1108 -54.146139098654025
1109 -59.33655071584216
1110 -64.08031717080011
1111 -68.62320672607584
1112 -73.13261716985771
1113 -77.72135064765462
1114 -82.41687313175224
1115 -87.18872008834882
1116 -92.11040768425806
1117 -97.40611103624848
1118 -103.27461026955767
1119 -109.44843335405685
1120 -115.31387771790502
1121 -123.97831570371032
1122 -148.80027958326065
1123 -107.33943367049966
1124 -84.57505979096568
1125 -75.44135088479116
1126 -68.52877952381017
1127 -60.29166712265348
1128 -53.35416311944217
1129 -47.37370041823729
1130 -41.6730437998479
1131 -36.18258854415674
1132 -31.004067615752767
1133 -26.08365316359759
1134 -21.33763758781047
1135 -16.71634845003922
1136 -12.164083467175514
1137 -7.5878832447295625
1138 -2.866753083702638
1139 2.147696524766826
1140 7.667717846486739
1141 14.054957940972185
1142 21.818645370425237
1143 34.373103897291536
1144 67.46156136741064
1145 64.9576737110498
1146 64.26799907872271
1147 63.654649708470124
1148 12.91645216737369
1149 26.823580081544844
1150 60.68415079389626
1151 -18.17102314513034
1152 -30.210617071547222
1153 -39.56896619312512
1154 -46.67822546025493
1155 -52.47175782582796
1156 -57.625997514465666
1157 -62.59240014138771
1158 -67.578091095699
1159 -72.83104472612803
1160 -78.3929710899938
1161 -84.05889846950517
1162 -89.87243668997414
1163 -96.66695676896937
1164 -105.69540644369151
1165 -135.43948554898893
1166 -86.02553073987484
1167 -81.19977823875959
1168 -80.47557272556969
1169 -76.34327640566032
1170 -69.96690035881213
1171 -64.60552722
1172 -59.56478708276492
1173 -54.33651571766086
1174 -49.24695855966835
1175 -44.42600267847187
1176 -39.76545310837099
1177 -35.20784801941557
1178 -30.7502462467375
1179 -26.367373110158983
1180 -22.00980822109604
1181 -17.618169542192934
1182 -13.114486299942172
1183 -8.383701283294382
1184 -3.253122003595122
1185 2.5471370791974812
1186 9.509840985456464
1187 18.554081325426168
1188 38.12171187764922
1189 70.78433078808536
1190 68.54809270864273
1191 68.10432269442458
1192 68.7478805369593
1193 69.9444289077956
1194 11.08050460367557
1195 24.785625037365342
1196 36.97977271132779
1197 54.24017926700974
1198 -17.52679422056388
1199 -30.09364688642122
1200 -38.575409011842915
1201 -44.72051397874407
1202 -50.03495418171245
1203 -55.436808974570084
1204 -60.644764087738515
1205 -66.62169355014841
1206 -73.25812108463055
1207 -79.73696073724491
1208 -68.85419820847785
1209 -63.06718364461982
1210 -65.05231893788074
1211 -67.8185450921499
1212 -67.65975037540609
1213 -67.12859622057543
1214 -66.389289256139
1215 -64.35317955131775
1216 -61.154810000648816
1217 -57.60392911751314
1218 -53.914986929978305
1219 -50.085742904247766
1220 -46.20203686884464
1221 -42.335033315850076
1222 -38.485326999168294
1223 -34.63187331920983
1224 -30.752669965236773
1225 -26.813925283213994
1226 -22.76407011110513
1227 -18.532629242909707
1228 -14.02177989822045
1229 -9.081481074417002
1230 -3.4546256248045704
1231 3.3520676216196583
1232 12.17761362730065
1233 33.44882826823865
1234 67.45404013168626
1235 68.43103947341237
1236 69.27623639553482
1237 70.76410851080222
1238 72.91505609310072
1239 76.14323044496042
1240 11.107343469219655
1241 23.357234762104355
1242 33.545907408377985
1243 42.3355546101526
1244 21.804675337143397
1245 -19.509468083099335
1246 -29.218033352010764
1247 -34.68347156691931
1248 -38.98648499469092
1249 -44.83428102433355
1250 -44.37803085031108
1251 -35.967703984454495
1252 -41.25243755381083
1253 -46.409355769027826
1254 -50.50482718367525
1255 -53.078022376811056
1256 -55.56273163531336
1257 -57.52857201190408
1258 -58.453554799185476
1259 -58.58797994308249
1260 -58.09726617316284
1261 -56.849760013734645
1262 -54.90310865364964
1263 -52.50324498271146
1264 -49.82672147290137
1265 -46.96009135893288
1266 -43.96541404332034
1267 -40.88366162130706
1268 -37.72393434417525
1269 -34.47128233865364
1270 -31.094784563506956
1271 -27.547427527687027
1272 -23.76298719768738
1273 -19.6517356982203
1274 -15.091091336141968
1275 -9.892034375105052
1276 -3.647644752293906
1277 4.371641692315621
1278 26.75923695400789
1279 60.025806402041304
1280 64.25214748714802
1281 67.44505273151721
1282 70.32997013606274
1283 73.39000853233141
1284 77.00722194001077
1285 82.323973081619
1286 12.642023332453755
1287 23.158723796421125
1288 32.03177632830524
1289 39.77928600037148
1290 44.52178415418143
1291 5.424017925578182
1292 -14.405967077310669
1293 18.31727818082971
1294 -10.745398530748865
1295 -19.487441349394405
1296 -26.51546779347726
1297 -31.988398629899
1298 -36.81618015990861
1299 -41.086332771025816
1300 -44.59078707832944
1301 -47.32274669522901
1302 -49.51466878321775
1303 -51.15665471241732
1304 -52.14902559652974
1305 -52.516409525059025
1306 -52.31384714265064
1307 -51.56127079927324
1308 -50.31665273961815
1309 -48.689459246556645
1310 -46.7847601621519
1311 -44.676091517062645
1312 -42.41017152154411
1313 -40.00996482645515
1314 -37.4738698470715
1315 -34.777663612650706
1316 -31.877159629638165
1317 -28.70806021227045
1318 -25.181752637843676
1319 -21.175479746905022
1320 -16.516024267679047
1321 -10.945811637214067
1322 -4.064024436021832
1323 19.21311349562193
1324 51.211492638553686
1325 57.845158573856935
1326 63.14723161475356
1327 67.65218175564915
1328 71.84605749664951
1329 76.16146945328586
1330 81.11629992438415
1331 88.49439502081938
1332 14.769280527343602
1333 23.88802215631834
1334 33.12124467607866
1335 45.26049856119191
1336 39.9119071107834
1337 22.459009777915576
1338 8.467440105687034
1339 -4.851869948149902
1340 -12.544872068206798
1341 -19.196342599347325
1342 -24.952651406031702
1343 -29.859341182017296
1344 -34.09339363732151
1345 -37.735026907574664
1346 -40.77108266824178
1347 -43.22314812386876
1348 -45.155440268016996
1349 -46.594718347488275
1350 -47.538924438554616
1351 -48.004065737445785
1352 -48.022121960466265
1353 -47.62938872505316
1354 -46.87584739166012
1355 -45.82647784556975
1356 -44.545421392031386
1357 -43.08172155652897
1358 -41.46382729727473
1359 -39.69765921376474
1360 -37.765689332603735
1361 -35.62750917260674
1362 -33.22098516409019
1363 -30.461276921381447
1364 -27.233345578001543
1365 -23.368711526006376
1366 -18.56901716599037
1367 -12.28716602564012
1368 11.309488143778353
1369 41.48919422469979
1370 50.26265958909854
1371 57.33807017048428
1372 63.31145871775102
1373 68.66835373577666
1374 73.79603324065259
1375 79.10491179378765
1376 85.22240890075132
1377 94.57585182516267
1378 15.746475647197151
1379 9.602622982091143
1380 9.79311523659265
1381 12.138575245598105
1382 13.172913440379784
1383 12.535415968829124
1384 14.203213255344469
1385 1.6829556737482847
1386 -11.025517327337576
1387 -18.185494088391692
1388 -23.772917233757376
1389 -28.39579026710437
1390 -32.25832028442632
1391 -35.47477371933374
1392 -38.116974912701934
1393 -40.24538958853548
1394 -41.91707990739129
1395 -43.17402909043475
1396 -44.04443417471059
1397 -44.555080356615456
1398 -44.7368301367262
1399 -44.62503129540168
1400 -44.26074286697988
1401 -43.688933372439614
1402 -42.95141257053383
1403 -42.0784307049321
1404 -41.08212793286075
1405 -39.952024855095466
1406 -38.652543127620085
1407 -37.12315242070484
1408 -35.28060704728778
1409 -33.01983815499598
1410 -30.20579124560578
1411 -26.64479896341092
1412 -21.953828323181213
1413 4.498854743711114
1414 31.127785788999248
1415 42.04072682890492
1416 50.68650567358929
1417 57.933579495994316
1418 64.3488242725591
1419 70.29607472258304
1420 76.1062322445993
1421 82.17608363354685
1422 89.20925373469915
1423 100.27405343290987
1424 -5.471408250451517
1425 -2.331670974773542
1426 0.2636639070689551
1427 2.614062302339374
1428 4.166971870841352
1429 5.0745668339987215
1430 6.309534321901804
1431 8.240027677154597
1432 -7.4740713436462265
1433 -16.92045278947242
1434 -22.9768294839468
1435 -27.601923594056608
1436 -31.21421248771901
1437 -34.06844149952603
1438 -36.329533747743696
1439 -38.112536825736804
1440 -39.50251550763124
1441 -40.56139789443269
1442 -41.334057899960435
1443 -41.85624928001022
1444 -42.16084142206587
1445 -42.28118014527633
1446 -42.252207404542254
1447 -42.108886855547276
1448 -41.881672765953546
1449 -41.590060841641694
1450 -41.2354380583092
1451 -40.79416776379952
1452 -40.21269643289153
1453 -39.40791222788461
1454 -38.27502939883557
1455 -36.698673613123646
1456 -34.57824433717795
1457 -31.61907650574353
1458 -2.597048699660802
1459 23.737012559655142
1460 34.57257998849886
1461 43.915998411158846
1462 52.082234870101054
1463 59.36653776676594
1464 66.05341850254388
1465 72.4085137874056
1466 78.71149117544863
1467 85.33222099625111
1468 92.9676836942348
1469 104.66156459990238
1470 -12.858101178293266
1471 -9.309853190567852
1472 -6.379363777359163
1473 -3.9720802584144015
1474 -2.175511654148164
1475 -0.9501960271732296
1476 -0.13517103881570675
1477 0.2618821536573318
1478 0.009005577493077092
1479 -14.939646764800356
1480 -22.88514256480215
1481 -27.69746257743986
1482 -31.03602777238164
1483 -33.47295488407803
1484 -35.289214071003414
1485 -36.66424402958991
1486 -37.72058082893675
1487 -38.541310128596685
1488 -39.18258815275694
1489 -39.68475772083572
1490 -40.08094108485142
1491 -40.402389151932894
1492 -40.680739223252516
1493 -40.94739988832565
1494 -41.23023866720533
1495 -41.547767055987784
1496 -41.900806208963665
1497 -42.261834734747865
1498 -42.564926207412725
1499 -42.70630597145793
1500 -42.57005663507239
1501 -42.12385253770256
1502 -41.15727349957034
1503 -9.966146724823563
1504 15.41904596679191
1505 27.64373553816152
1506 37.61653660364535
1507 46.301890922320986
1508 54.169646802653155
1509 61.4340835582788
1510 68.2832720469696
1511 74.91740708189617
1512 81.5723388361489
1513 88.58241621891135
1514 96.59803070327821
1515 108.52138205447162
1516 -19.65647348945739
1517 -15.384852985358576
1518 -12.022853866813987
1519 -9.334072124207145
1520 -7.292451599092556
1521 -5.895001447737885
1522 -5.153205011350395
1523 -5.168552688264449
1524 -6.162266696869996
1525 -8.85649409322502
1526 -24.605589263178594
1527 -29.109957083985726
1528 -31.92089710711982
1529 -33.742955615230905
1530 -34.95294814389401
1531 -35.79425708269516
1532 -36.4259270095699
1533 -36.945746373282816
1534 -37.41201000728031
1535 -37.861899217096884
1536 -38.324167304971986
1537 -38.82662781334514
1538 -39.39968055460209
1539 -40.0768336273521
1540 -40.892753052880835
1541 -41.878761250070944
1542 -43.05460025388218
1543 -44.414057909571696
1544 -45.90532403853125
1545 -47.42826584721786
1546 -48.97711250070844
1547 -50.51075403686533
1548 -17.15810007986858
1549 7.25423493702837
1550 20.684659465932956
1551 31.500532129260623
1552 40.76013921852182
1553 49.07175280193386
1554 56.7497667642789
1555 63.98440021460258
1556 70.93256169952816
1557 77.76011761388082
1558 84.6718610803574
1559 91.97264653757514
1560 100.27957146049228
1561 112.47447450134904
1562 -26.201190888057848
1563 -20.99481958052372
1564 -17.056927084175292
1565 -13.959140594626044
1566 -11.604517810620049
1567 -9.981674482749419
1568 -9.128979017702422
1569 -9.154952085227478
1570 -10.291276863228367
1571 -13.108100472051916
1572 -19.64914983196074
1573 -32.47819380709873
1574 -34.255210108288225
1575 -35.02714666850531
1576 -35.32110175323621
1577 -35.414017126686275
1578 -35.484208295547354
1579 -35.62022896571729
1580 -35.86153811742995
1581 -36.227880475751455
1582 -36.73563141433966
1583 -37.40623054959168
1584 -38.270275005893886
1585 -39.369196079109685
1586 -40.75582746466083
1587 -42.494663049658854
1588 -44.6614273378471
1589 -47.33823641666559
1590 -50.59761604111307
1591 -54.54887808809953
1592 -59.490957563312605
1593 -23.729010715126538
1594 -0.1691368337395052
1595 14.178010934830349
1596 25.66030300043559
1597 35.45578478286916
1598 44.18231935768724
1599 52.19414094321517
1600 59.71823049811496
1601 66.9155562887218
1602 73.9245291532395
1603 80.89176959834431
1604 88.00303044311
1605 95.5466165166803
1606 104.13264682014223
1607 116.7190686683299
1608 -32.54565879546058
1609 -26.26248421337732
1610 -21.631439349029066
1611 -18.026115576992066
1612 -15.278446525109969
1613 -13.34667764772742
1614 -12.253886843827555
1615 -12.086338122193125
1616 -13.023768533371978
1617 -15.415678689626043
1618 -19.972036048347153
1619 -31.53055387662576
1620 -38.7094181065201
1621 -37.70070885122573
1622 -36.42783149837291
1623 -35.419454466439156
1624 -34.74229695155539
1625 -34.40071475596394
1626 -34.36950408143784
1627 -34.62723186527492
1628 -35.166301096611974
1629 -35.99757959588001
1630 -37.15313247836719
1631 -38.68878880535279
1632 -40.68928644890032
1633 -43.28059445742457
1634 -46.658564311921566
1635 -51.163885196679985
1636 -57.434833269032005
1637 -67.45450278443816
1638 -28.922712778276733
1639 -6.277826794659678
1640 8.607047918849812
1641 20.467881451585868
1642 30.603415606811545
1643 39.62872343548181
1644 47.894072477550445
1645 55.631501635881776
1646 63.00853709234911
1647 70.15837114767722
1648 77.20358737067647
1649 84.27844406999857
1650 91.55879345719985
1651 99.32896797819062
1652 108.21421839870473
1653 121.31615618110622
1654 -38.685064659590644
1655 -31.216809210318964
1656 -25.798203698288408
1657 -21.602684763851123
1658 -18.386629189963532
1659 -16.06608958704047
1660 -14.630743808691937
1661 -14.125970350219587
1662 -14.661917357483322
1663 -16.448001796679645
1664 -19.892758437187275
1665 -25.86014492259845
1666 -45.506895311658745
1667 -42.166457283431974
1668 -38.377839458190024
1669 -35.63545783844739
1670 -33.99593779782647
1671 -33.09532118375884
1672 -32.76164876441864
1673 -32.90043380811669
1674 -33.466397920160475
1675 -34.45553035772227
1676 -35.903558562886126
1677 -37.888675850414245
1678 -40.54423191095976
1679 -44.09553485260153
1680 -48.970700618481786
1681 -56.0656856377401
1682 -70.29359206092877
1683 -30.322598226733348
1684 -10.06131314282426
1685 4.58982579436244
1686 16.369630109557708
1687 26.53321087290596
1688 35.64210648689011
1689 44.01452107855078
1690 51.8611973938478
1691 59.33743612384676
1692 66.56763672985196
1693 73.66122457971566
1694 80.72725396971153
1695 87.8919438686325
1696 95.32806301762643
1697 103.32600489031647
1698 112.54261494310124
1699 126.27405360714134
1700 -44.590612299454286
1701 -35.845103384346935
1702 -29.559357172228143
1703 -24.70377575048945
1704 -20.955183691533282
1705 -18.18058155788579
1706 -16.327465842348957
1707 -15.393000809675824
1708 -15.419626195410457
1709 -16.507246378765362
1710 -18.852244239277667
1711 -22.873546053055424
1712 -29.311814208566087
1713 -59.625062928902786
1714 -40.624612766006976
1715 -35.74757545487366
1716 -32.96341994951706
1717 -31.472179465562345
1718 -30.84419424090428
1719 -30.87977015311569
1720 -31.482232649782194
1721 -32.63011124690912
1722 -34.368349128910886
1723 -36.80962255668256
1724 -40.15969552967178
1725 -44.81728609263248
1726 -51.56460160375615
1727 -66.24622917515823
1728 -24.86515223446842
1729 -9.824050080741053
1730 2.9949132550074733
1731 13.903925698170754
1732 23.624967047898608
1733 32.50506419786148
1734 40.76731507911952
1735 48.569579036102866
1736 56.034130821489015
1737 63.26329955287555
1738 70.34921659441217
1739 77.38220707812556
1740 84.46077135692278
1741 91.70680287582852
1742 99.2953837791369
1743 107.53074689019168
1744 117.11377140680133
1745 131.57571511316274
1746 -50.216946099653164
1747 -40.10805298142614
1748 -32.88515736125525
1749 -27.311420088161892
1750 -22.980671580173635
1751 -19.70669337371624
1752 -17.390833294881663
1753 -15.980663944623807
1754 -15.456293107956265
1755 -15.828091873842181
1756 -17.141915044065012
1757 -19.492902627878173
1758 -23.08182925749632
1759 -27.669289888130642
1760 -57.500729948732435
1761 -35.174035700558036
1762 -31.289886189946653
1763 -29.25135693588897
1764 -28.398236591183956
1765 -28.38765682605485
1766 -29.054675796594083
1767 -30.36238308053821
1768 -32.379471669963124
1769 -35.27587356865312
1770 -39.386015845083186
1771 -45.32580187958317
1772 -59.52253589989659
1773 -16.566833023083397
1774 -5.73716518417309
1775 4.313495713193268
1776 13.529220035873728
1777 22.234266273633875
1778 30.493716034868285
1779 38.37027874147293
1780 45.92994134979952
1781 53.23860404813633
1782 60.36124946507303
1783 67.36321747632503
1784 74.31289962013444
1785 81.28628217390786
1786 88.37471377413192
1787 95.6993426951269
1788 103.442175128314
1789 111.92760453890732
1790 121.91051304382921
1791 137.19089548505718
1792 -55.501668739633566
1793 -43.94260185454163
1794 -35.71874708631066
1795 -29.380183579766733
1796 -24.43418153273669
1797 -20.638182311400673
1798 -17.84548496316252
1799 -15.955138074221965
1800 -14.891914789265195
1801 -14.595831880865344
1802 -15.012503437618292
1803 -16.076594297156102
1804 -17.6741102434844
1805 -19.625475336473848
1806 -21.429954427528475
1807 -39.349444883927156
1808 -28.506233473479664
1809 -26.064124307932143
1810 -25.164474529392496
1811 -25.235376117731064
1812 -26.01682790744659
1813 -27.473383848858646
1814 -29.733435455319906
1815 -33.081184243068414
1816 -37.984152647313095
1817 -50.78894916086835
1818 -7.550325981495442
1819 0.23208167606094357
1820 7.839457003926289
1821 15.165331346496794
1822 22.485349849250404
1823 29.77583032987931
1824 36.98581919717553
1825 44.086786247632155
1826 51.07594974926405
1827 57.96937139567155
1828 64.79654711522493
1829 71.59798109234356
1830 78.42546741934233
1831 85.34519097312558
1832 92.44482957950687
1833 99.84827203651669
1834 107.74864888552243
1835 116.49607731584425
1836 126.90809797007155
1837 143.08244399501038
1838 -60.36061222916346
1839 -47.258479944045064
1840 -37.97384789132481
1841 -30.8354908362305
1842 -25.259362957830376
1843 -20.942982041954867
1844 -17.689806878373666
1845 -15.351718189651722
1846 -13.80495882895818
1847 -12.9362006613352
1848 -12.629602697808954
1849 -12.74959939796855
1850 -13.118028516625714
1851 -13.498821229401285
1852 -13.65518208908677
1853 -13.136544725493179
1854 -23.126004387183297
1855 -21.302760301718447
1856 -20.796266279268508
1857 -21.219617512894967
1858 -22.18490355297703
1859 -23.731644061081735
1860 -26.12418552620663
1861 -29.847701953263233
1862 -39.49510292940489
1863 1.6596690581456572
1864 7.0379671486799875
1865 12.599509970144013
1866 18.22494953756687
1867 24.129287372537984
1868 30.293110964795098
1869 36.642983801959204
1870 43.103659829917405
1871 49.620309989283705
1872 56.16242053851102
1873 62.72091886825539
1874 69.3046363004472
1875 75.93833381431104
1876 82.66299161659755
1877 89.5389691278315
1878 96.65350218566331
1879 104.13650997704723
1880 112.1962351214409
1881 121.21384930405151
1882 132.07779640476676
1883 149.209728011942
1884 -64.67870976516022
1885 -49.92932735271572
1886 -39.52709913800568
1887 -31.567282649163758
1888 -25.36703481838049
1889 -20.558382370820592
1890 -16.891709758817047
1891 -14.171755358876776
1892 -12.230902695802552
1893 -10.914207940791067
1894 -10.067446472432582
1895 -9.525151223135419
1896 -9.099518068960519
1897 -8.575645790752148
1898 -7.71685049755993
1899 -6.283570953535987
1900 -3.812779919016734
1901 -9.898064377267763
1902 -14.948438173690315
1903 -16.062909957267685
1904 -17.321038254009455
1905 -18.764379740452156
1906 -20.912223986733522
1907 -22.798171891930153
1908 10.73200071394139
1909 14.12731422824528
1910 17.953120478888344
1911 22.105789236256225
1912 26.718480995708873
1913 31.771960803017624
1914 37.20016458989924
1915 42.921483852360794
1916 48.859402440073545
1917 54.95351865538217
1918 61.163259845001505
1919 67.46766832497629
1920 73.86416016708927
1921 80.36802083107602
1922 87.01367827917089
1923 93.85875102501315
1924 100.99267676594008
1925 108.5543005328707
1926 116.7707969168793
1927 126.05987667005942
1928 137.38954107720556
1929 155.53045549666857
1930 -68.29397048350536
1931 -51.776931411963105
1932 -40.204619430098994
1933 -31.419326617933333
1934 -24.627006435536856
1935 -19.385028749091468
1936 -15.38476153307579
1937 -12.381452288526205
1938 -10.165217509517891
1939 -8.545375830636896
1940 -7.339553329194162
1941 -6.3653030442897585
1942 -5.434878344545043
1943 -4.3549970790770995
1944 -2.9314360665976107
1945 -0.9710836718633211
1946 1.7310364222966097
1947 5.619842520176017
1948 -3.710540172837362
1949 -9.107627198080799
1950 -10.948447663352182
1951 -12.248027141022739
1952 6.182010295382505
1953 19.066680362959694
1954 21.06935045822285
1955 23.466741897384182
1956 26.35296429691274
1957 29.821580438562645
1958 33.85413043419569
1959 38.39268392176906
1960 43.36103837607428
1961 48.679269794235786
1962 54.27415545019056
1963 60.08570525048919
1964 66.07026788210095
1965 72.20148356161184
1966 78.47056042119961
1967 84.88712722189263
1968 91.48171962175155
1969 98.31111720582888
1970 105.46863927479761
1971 113.10420411137335
1972 121.46739591150951
1973 131.01832563624237
1974 142.81448304604103
1975 162.0015552146288
1976 -70.96814856161947
1977 -52.54461105592531
1978 -39.76073606044561
1979 -30.173106555131675
1980 -22.856473324460577
1981 -17.279154343647242
1982 -13.063875098817041
1983 -9.91132195208916
1984 -7.568152770736521
1985 -5.809495402652839
1986 -4.427375723040588
1987 -3.2230668924179633
1988 -2.0037107641763114
1989 -0.5840884896273058
1990 1.2069275518892704
1991 3.5203768226902206
1992 6.506589149441868
1993 10.472079440235081
1994 16.117113141460734
1995 3.6510539537327955
1996 -2.0853641301822345
1997 26.178893945104214
1998 27.23675267866249
1999 27.652824915953236
2000 28.868775053212914
2001 30.649647514503602
2002 33.09266514121007
2003 36.1963684177946
2004 39.911288851356026
2005 44.16536146322743
2006 48.87854436581387
2007 53.97230907730927
2008 59.376061307599144
2009 65.03119383202997
2010 70.89333238339329
2011 76.93353397130518
2012 83.13933172133962
2013 89.51655305821158
2014 96.09292414500871
2015 102.9248394058131
2016 110.10972727620678
2017 117.8093393076317
2018 126.29820020338174
2019 136.08490362805102
2020 148.3285645830449
2021 168.57956105849516
2022 -72.32784397597582
2023 -51.85288826082332
2024 -37.84516845422729
2025 -27.5235954615085
2026 -19.80296586828143
2027 -14.041291823540751
2028 -9.778616245356417
2029 -6.653717819186397
2030 -4.367197520461664
2031 -2.659681318199892
2032 -1.2968923749529884
2033 -0.059672750716603974
2034 1.2609165069470702
2035 2.8628351346058754
2036 4.927015995843466
2037 7.609126844264522
2038 11.036625509472637
2039 15.314183435707482
2040 20.621646821266747
2041 26.56388306443635
2042 39.842287252815886
2043 36.350454234046246
2044 34.76281393760912
2045 34.341968270480514
2046 34.89773766100016
2047 36.305791793729476
2048 38.51141537073894
2049 41.45072964998045
2050 45.04184818669142
2051 49.19570956755814
2052 53.82508725376033
2053 58.84998664240322
2054 64.20070667587106
2055 69.81959712051969
2056 75.66212808996961
2057 81.69777546861089
2058 87.91129167187614
2059 94.30507972122265
2060 100.90366225614345
2061 107.76181137981469
2062 114.97920180804412
2063 122.72768824147454
2064 131.30685125867663
2065 141.2788588913363
2066 153.91934876849257
2067 175.22099131416113
2068 -71.73723755046973
2069 -49.13163286774195
2070 -33.951656744892986
2071 -23.040360781456915
2072 -15.116908714319
2073 -9.3973729114518
2074 -5.320132884654694
2075 -2.4541494579020555
2076 -0.45253831182383336
2077 0.9776668223030478
2078 2.0972151340859297
2079 3.1502586408458035
2080 4.374446581951176
2081 6.00531943533945
2082 8.275952178811666
2083 11.417275293791848
2084 15.669121835558876
2085 21.351645176614912
2086 28.2435981784148
2087 53.27847361970745
2088 48.914261834575356
2089 42.222684495271906
2090 40.34273524444796
2091 39.31697388013618
2092 39.41566634374504
2093 40.59126332667405
2094 42.723073146957624
2095 45.67634298674849
2096 49.32294125065556
2097 53.54885615013274
2098 58.25598639118039
2099 63.3611402681781
2100 68.7946883241819
2101 74.4996971032172
2102 80.43162346867472
2103 86.55860937195115
2104 92.86262656155917
2105 99.34202088032738
2106 106.01644948416123
2107 112.93600208521865
2108 120.19794212645253
2109 127.9783423877682
2110 136.59654711640562
2111 146.668448704261
2112 159.6018400592144
2113 181.88367945769247
2114 -68.18153205273344
2115 -43.52953121297252
2116 -27.323927083478043
2117 -16.095270289328813
2118 -8.300473601668495
2119 -2.960994308108537
2120 0.608747126559641
2121 2.9133962698677536
2122 4.343261107320886
2123 5.219022768497858
2124 5.823776754487026
2125 6.427611877937818
2126 7.307582529073513
2127 8.764292309503977
2128 11.137498462570056
2129 14.843501883913886
2130 20.554270396004377
2131 29.509146852955155
2132 55.421142173119584
2133 50.47165621698761
2134 48.815673500054345
2135 49.839753142740705
2136 45.07969936951521
2137 42.77547935771545
2138 42.33442726655169
2139 43.433631480409396
2140 45.7009485580352
2141 48.88178385668954
2142 52.78397203127026
2143 57.26576671514732
2144 62.22009116518037
2145 67.56248064853953
2146 73.22449019496787
2147 79.15048593979927
2148 85.29623616123655
2149 91.62864376800053
2150 98.12657269150998
2151 104.78318621356206
2152 111.61078291377616
2153 118.65010757572661
2154 125.98816674605942
2155 133.79332024313672
2156 142.38904766529873
2157 152.43042850992853
2158 165.46084286470605
2159 188.5313745021839
2160 -60.48219583166279
2161 -33.67353558048506
2162 -16.723173471349313
2163 -5.699940851322062
2164 1.4106009037917846
2165 5.862158531901557
2166 8.47579642789247
2167 9.81837197799781
2168 10.307659249815034
2169 10.27714817070742
2170 10.020022591139458
2171 9.82449671503719
2172 10.009261477405301
2173 10.96692529573835
2174 13.225498227589432
2175 17.54795760647872
2176 25.780530854767242
2177 50.45689513236416
2178 49.67357756488949
2179 48.68411824864145
2180 47.7901621567049
2181 47.290852837569645
2182 48.073497418864626
2183 43.92319602225426
2184 43.17544509536831
2185 44.549785863259345
2186 47.30245263986179
2187 51.01190015315526
2188 55.41870127007025
2189 60.372555739135315
2190 65.7709433996961
2191 71.53461820135952
2192 77.5991292321951
2193 83.91141125001938
2194 90.42819565357036
2195 97.11544683567462
2196 103.94877570842664
2197 110.91519956360074
2198 118.01715929508954
2199 125.28074757296105
2200 132.77241861945808
2201 140.63410252689187
2202 149.16198545324937
2203 159.00397200832103
2204 171.78597321264837
2205 195.1427198521117
2206 -46.46593672622458
2207 -16.591907568566786
2208 0.2669810067815562
2209 9.971892449530799
2210 15.43375278223186
2211 18.21142102115194
2212 19.21586236215631
2213 19.030667379837045
2214 18.06615848767048
2215 16.641674640071727
2216 15.037302968798672
2217 13.536544078707957
2218 12.477604252827765
2219 12.344988295440743
2220 13.993446836874005
2221 19.385653865377055
2222 41.43884321905901
2223 45.37478709612494
2224 47.38137406356799
2225 48.016089405305515
2226 47.36380474322473
2227 45.699573434271045
2228 43.06537242198636
2229 38.08352913724117
2230 40.96653311133668
2231 43.26320782865232
2232 47.23081524546136
2233 51.92053173404946
2234 57.162432562300246
2235 62.87583937501818
2236 68.98734432449363
2237 75.43001987515369
2238 82.14589882377362
2239 89.0857988058822
2240 96.20842018942193
2241 103.47965353967882
2242 110.87248197969603
2243 118.36784040364786
2244 125.9571216207735
2245 133.6478628056473
2246 141.47622854779078
2247 149.53551039455846
2248 158.0467233513776
2249 167.55577349656988
2250 179.5985893974504
2251 201.85173008813493
2252 -13.84070308646404
2253 18.13944545884373
2254 31.222419624915705
2255 36.88918585086837
2256 38.732137605038524
2257 38.30254359538769
2258 36.41877531093675
2259 33.578267890633114
2260 30.121283340693473
2261 26.309484687454496
2262 22.372758700517863
2263 18.548047925594584
2264 15.127812485263103
2265 12.533207661566452
2266 12.00126793223397
2267 31.232044762116843
2268 38.473533260335515
2269 44.060830038153284
2270 48.34819773572415
2271 50.78698324584277
2272 49.64582868631761
2273 46.130200204669634
2274 41.39636196992207
2275 35.56255381870924
2276 24.107862701984597
2277 37.7939847422166
2278 44.53064955438998
2279 50.92067266129162
2280 57.61595868306098
2281 64.69618726160816
2282 72.11589946255754
2283 79.81837751864252
2284 87.75284047648834
2285 95.87596236736343
2286 104.15085062651673
2287 112.54592648939179
2288 121.03419107034736
2289 129.59304367837507
2290 138.2049311983274
2291 146.85953654523328
2292 155.5593507267491
2293 164.33382042708647
2294 173.27884932089586
2295 182.68830270879326
2296 193.6410654719628
2297 213.1240300291286
2298 -1.47424
2299 -1.043987
2300 46.943839
2301 45.788474
