7.97068
22.97068
18.634289
3.634289
-86.562241
-84.261904
-64.44864
-63.847371
-43.432838
-42.33504
-23.018305
-20.22144
-2.603772
0.0
1.89216
17.81076
24.00576
38.225293
46.11936
45.831457
35.596947
19.937149
19.795333
4.277351
0.0
-11.382447
-27.042245
-32.430722
-42.702044
-58.361842
-74.02164
-84.656777
-89.681438
-105.341236
-121.001034
-136.660832
-136.882832
-152.320631
-167.980429
-183.640227
-189.108887
-187.086186
-171.426388
-155.76659
-145.051269
-140.106792
-124.446993
-108.787195
-93.127397
-92.825213
-77.467599
-61.807801
-46.148003
-40.599158
-30.488204
-14.828406
0.0
0.831392
11.626897
16.49119
32.150988
47.810786
63.470585
63.852952
79.130383
94.790181
85.606897
43.609059
38.787004
21.510435
18.360667
0.0
-0.588189
-2.065671
-22.492009
-22.686813
-42.918346
-44.785437
-63.344684
-66.88406
-83.771022
-88.982684
17.023700178955025
8.802659790299444
33.55304225845526
20.806158389035897
15.553742051331655
12.293344414833339
10.727414983909469
27.13872006587219
23.93846943404236
22.517556989896306
19.762323135483506
16.274246908006837
13.595145542377598
11.45394580718434
10.317791291765202
4.2909218947788315
4.363421145903362
8.437693620891427
12.599791512559593
14.283509109975187
15.291639768711072
15.824848687721415
15.516802291627014
14.552012739530563
13.26835298553583
11.591984044066043
8.900472906923188
-26.362794084180962
-17.68329808788624
-10.950298905881175
-5.9657689321187615
-1.6420453341969816
2.6379100013274837
6.43994718510135
9.391108985337155
11.670309424939887
13.408694972785652
14.554786688110381
15.095184153954811
15.030588823798238
14.005425955684883
-50.63895779483023
-39.80350503732939
-32.30050536829735
-25.765871963865546
-19.520973107210207
-13.945207563765477
-9.069008463975932
-4.611436226864185
-0.3724894605879082
3.6018001551737937
7.240145003935754
10.564023393619827
13.584787181561515
16.24130981313909
18.50616849148199
20.454922591169026
-101.1389495283693
-70.5423605671832
-59.561002753486754
-52.209257136849295
-44.60754391481593
-37.58834983991674
-31.46597851618659
-25.869310949085396
-20.579325635254143
-15.603734352169058
-10.92671986896656
-6.437426712891125
-2.0241238195114515
2.376549179502187
6.8240434222413215
11.401406347766795
16.176186545243148
21.188276105360597
27.37558144403494
-107.33943367049966
-84.57505979096568
-75.44135088479116
-68.52877952381017
-60.29166712265348
-53.35416311944217
-47.37370041823729
-41.6730437998479
-36.18258854415674
-31.004067615752767
-26.08365316359759
-21.33763758781047
-16.71634845003922
-12.164083467175514
-7.5878832447295625
-2.866753083702638
2.147696524766826
7.667717846486739
14.054957940972185
21.818645370425237
34.373103897291536
-86.02553073987484
-81.19977823875959
-80.47557272556969
-76.34327640566032
-69.96690035881213
-64.60552722
-59.56478708276492
-54.33651571766086
-49.24695855966835
-44.42600267847187
-39.76545310837099
-35.20784801941557
-30.7502462467375
-26.367373110158983
-22.00980822109604
-17.618169542192934
-13.114486299942172
-8.383701283294382
-3.253122003595122
2.5471370791974812
9.509840985456464
18.554081325426168
38.12171187764922
-68.85419820847785
-63.06718364461982
-65.05231893788074
-67.8185450921499
-67.65975037540609
-67.12859622057543
-66.389289256139
-64.35317955131775
-61.154810000648816
-57.60392911751314
-53.914986929978305
-50.085742904247766
-46.20203686884464
-42.335033315850076
-38.485326999168294
-34.63187331920983
-30.752669965236773
-26.813925283213994
-22.76407011110513
-18.532629242909707
-14.02177989822045
-9.081481074417002
-3.4546256248045704
3.3520676216196583
12.17761362730065
33.44882826823865
-35.967703984454495
-41.25243755381083
-46.409355769027826
-50.50482718367525
-53.078022376811056
-55.56273163531336
-57.52857201190408
-58.453554799185476
-58.58797994308249
-58.09726617316284
-56.849760013734645
-54.90310865364964
-52.50324498271146
-49.82672147290137
-46.96009135893288
-43.96541404332034
-40.88366162130706
-37.72393434417525
-34.47128233865364
-31.094784563506956
-27.547427527687027
-23.76298719768738
-19.6517356982203
-15.091091336141968
-9.892034375105052
-3.647644752293906
4.371641692315621
26.75923695400789
-10.745398530748865
-19.487441349394405
-26.51546779347726
-31.988398629899
-36.81618015990861
-41.086332771025816
-44.59078707832944
-47.32274669522901
-49.51466878321775
-51.15665471241732
-52.14902559652974
-52.516409525059025
-52.31384714265064
-51.56127079927324
-50.31665273961815
-48.689459246556645
-46.7847601621519
-44.676091517062645
-42.41017152154411
-40.00996482645515
-37.4738698470715
-34.777663612650706
-31.877159629638165
-28.70806021227045
-25.181752637843676
-21.175479746905022
-16.516024267679047
-10.945811637214067
-4.064024436021832
19.21311349562193
8.467440105687034
-4.851869948149902
-12.544872068206798
-19.196342599347325
-24.952651406031702
-29.859341182017296
-34.09339363732151
-37.735026907574664
-40.77108266824178
-43.22314812386876
-45.155440268016996
-46.594718347488275
-47.538924438554616
-48.004065737445785
-48.022121960466265
-47.62938872505316
-46.87584739166012
-45.82647784556975
-44.545421392031386
-43.08172155652897
-41.46382729727473
-39.69765921376474
-37.765689332603735
-35.62750917260674
-33.22098516409019
-30.461276921381447
-27.233345578001543
-23.368711526006376
-18.56901716599037
-12.28716602564012
1.6829556737482847
-11.025517327337576
-18.185494088391692
-23.772917233757376
-28.39579026710437
-32.25832028442632
-35.47477371933374
-38.116974912701934
-40.24538958853548
-41.91707990739129
-43.17402909043475
-44.04443417471059
-44.555080356615456
-44.7368301367262
-44.62503129540168
-44.26074286697988
-43.688933372439614
-42.95141257053383
-42.0784307049321
-41.08212793286075
-39.952024855095466
-38.652543127620085
-37.12315242070484
-35.28060704728778
-33.01983815499598
-30.20579124560578
-26.64479896341092
-21.953828323181213
-7.4740713436462265
-16.92045278947242
-22.9768294839468
-27.601923594056608
-31.21421248771901
-34.06844149952603
-36.329533747743696
-38.112536825736804
-39.50251550763124
-40.56139789443269
-41.334057899960435
-41.85624928001022
-42.16084142206587
-42.28118014527633
-42.252207404542254
-42.108886855547276
-41.881672765953546
-41.590060841641694
-41.2354380583092
-40.79416776379952
-40.21269643289153
-39.40791222788461
-38.27502939883557
-36.698673613123646
-34.57824433717795
-31.61907650574353
-14.939646764800356
-22.88514256480215
-27.69746257743986
-31.03602777238164
-33.47295488407803
-35.289214071003414
-36.66424402958991
-37.72058082893675
-38.541310128596685
-39.18258815275694
-39.68475772083572
-40.08094108485142
-40.402389151932894
-40.680739223252516
-40.94739988832565
-41.23023866720533
-41.547767055987784
-41.900806208963665
-42.261834734747865
-42.564926207412725
-42.70630597145793
-42.57005663507239
-42.12385253770256
-41.15727349957034
-24.605589263178594
-29.109957083985726
-31.92089710711982
-33.742955615230905
-34.95294814389401
-35.79425708269516
-36.4259270095699
-36.945746373282816
-37.41201000728031
-37.861899217096884
-38.324167304971986
-38.82662781334514
-39.39968055460209
-40.0768336273521
-40.892753052880835
-41.878761250070944
-43.05460025388218
-44.414057909571696
-45.90532403853125
-47.42826584721786
-48.97711250070844
-50.51075403686533
-32.47819380709873
-34.255210108288225
-35.02714666850531
-35.32110175323621
-35.414017126686275
-35.484208295547354
-35.62022896571729
-35.86153811742995
-36.227880475751455
-36.73563141433966
-37.40623054959168
-38.270275005893886
-39.369196079109685
-40.75582746466083
-42.494663049658854
-44.6614273378471
-47.33823641666559
-50.59761604111307
-54.54887808809953
-59.490957563312605
-38.7094181065201
-37.70070885122573
-36.42783149837291
-35.419454466439156
-34.74229695155539
-34.40071475596394
-34.36950408143784
-34.62723186527492
-35.166301096611974
-35.99757959588001
-37.15313247836719
-38.68878880535279
-40.68928644890032
-43.28059445742457
-46.658564311921566
-51.163885196679985
-57.434833269032005
-67.45450278443816
-42.166457283431974
-38.377839458190024
-35.63545783844739
-33.99593779782647
-33.09532118375884
-32.76164876441864
-32.90043380811669
-33.466397920160475
-34.45553035772227
-35.903558562886126
-37.888675850414245
-40.54423191095976
-44.09553485260153
-48.970700618481786
-56.0656856377401
-70.29359206092877
-40.624612766006976
-35.74757545487366
-32.96341994951706
-31.472179465562345
-30.84419424090428
-30.87977015311569
-31.482232649782194
-32.63011124690912
-34.368349128910886
-36.80962255668256
-40.15969552967178
-44.81728609263248
-51.56460160375615
-66.24622917515823
-35.174035700558036
-31.289886189946653
-29.25135693588897
-28.398236591183956
-28.38765682605485
-29.054675796594083
-30.36238308053821
-32.379471669963124
-35.27587356865312
-39.386015845083186
-45.32580187958317
-59.52253589989659
-39.349444883927156
-28.506233473479664
-26.064124307932143
-25.164474529392496
-25.235376117731064
-26.01682790744659
-27.473383848858646
-29.733435455319906
-33.081184243068414
-37.984152647313095
-50.78894916086835
-23.126004387183297
-21.302760301718447
-20.796266279268508
-21.219617512894967
-22.18490355297703
-23.731644061081735
-26.12418552620663
-29.847701953263233
-39.49510292940489
-9.898064377267763
-14.948438173690315
-16.062909957267685
-17.321038254009455
-18.764379740452156
-20.912223986733522
-22.798171891930153
-3.710540172837362
-9.107627198080799
-10.948447663352182
-12.248027141022739
3.6510539537327955
-2.0853641301822345
45.788474
0.0
0.0
79.977868
69.947098
54.2873
38.627502
27.751813
22.967704
7.307906
46.943839
43.543794
42.432231
43.268897
39.59349
27.098749
17.47989
6.684217
0.0
-4.63371
-13.730316
-26.74731
-34.144849
-48.86091
-54.559382
-70.97451
-74.973915
-104.197359
-111.081308
-124.623697
-133.179932
-133.019171
-122.79065
-112.592834
-100.692026
-92.166496
-78.593402
-71.740158
-56.494779
-51.313821
-34.396155
-30.887483
-12.297531
-10.461145
0.0
9.801093
9.965192
30.39153
31.899717
50.817868
53.998341
71.244205
76.096964
91.670543
98.195588
91.237642
83.04031
70.811304
60.941686
50.384966
38.843063
29.958629
16.744439
9.532291
