-221.917313
-222.356232
-223.801908
-226.235041
-229.624245
-233.927967
-239.09683
-245.076098
-251.80805
-259.234052
-267.296266
-275.938932
-285.109267
-294.758026
-304.839784
-315.313009
-325.356517
-322.425193
-310.736055
-299.342257
-288.278819
-277.585246
-267.305929
-257.490486
-248.193959
-239.476788
-231.404458
-224.046678
-217.475987
-211.765662
-206.986923
-203.205505
-200.47785
-198.847326
-198.340994
-198.967437
-200.716048
-200.839059
-190.529073
-180.876553
-171.992231
-164.000999
-157.039255
-151.249223
-146.769641
-143.723093
-142.201714
-142.02932
127.02932
112.02932
97.02932
82.02932
67.02932
52.02932
37.02932
22.02932
7.02932
-11.95695
-26.933631
-41.926987
-56.923845
-71.922013
-86.920813
-101.919966
-116.919337
-131.91885
-146.918463
-161.918148
-176.917886
-191.917666
-206.917477
79.977868
69.947098
54.2873
38.627502
27.751813
22.967704
7.307906
0.0
-158.2127175930616
-158.11393859503787
-159.42419319625273
-161.23681988139433
-163.35843649028237
-165.71446042487213
-168.25806553056168
-170.94781346376018
-173.74025889613952
-176.5862919897702
-179.4277746928406
-182.1925132579063
-184.78491979216574
-187.0663404863806
-188.80888809811628
-189.60215479124648
-188.94686214695002
-186.9625710169515
-184.16174466577158
-180.88913707855465
-177.33114435206195
-173.60259226493312
-169.78302504771074
-165.9325568296103
-162.09954118315642
-158.32447704407
-154.6419082628683
-151.0810709465218
-147.665607884343
-144.41244006087166
-141.32970383948665
-138.41341085328537
-135.64196120896804
-132.96630024860306
-130.2896749442431
-127.42116932847158
-124.02575369712827
-119.84385277168937
-115.1309961153303
-110.07007577888618
-104.67216332735713
-98.80160339706102
-92.11139157326404
-83.80778327371624
-71.71741513349266
-42.78708225831389
-149.45396883119017
-148.08023442164946
-148.73338336351594
-150.13854510330978
-151.9164111536042
-153.91718453594376
-156.06273233579924
-158.29851952498515
-160.57611182519977
-162.84532370864972
-165.04926668153166
-167.11947054749498
-168.96925753227598
-170.4838557218473
-171.50859771171685
-171.85444922655583
-171.37846695328318
-170.10576311564165
-168.1988834849267
-165.83238894221603
-163.13906631236378
-160.2143237363818
-157.12857753631806
-153.93607325035285
-150.68025199343137
-147.396857453777
-144.11559038091679
-140.8607550909995
-137.65111236236217
-134.49900029702928
-131.4086559877206
-128.3735185678496
-125.37206775986384
-122.36145033872371
-119.26830014732326
-115.98049571402254
-112.36278746442991
-108.32773774023798
-103.88093107705026
-99.02954678448035
-93.69401518567736
-87.64804485194477
-80.40510621805466
-70.91411589678232
-56.55136207319444
-26.25952503885846
-141.67786165821283
-140.04270565087697
-140.3263261816925
-141.43542020731027
-142.9634419770721
-144.72426186661627
-146.61705813194618
-148.57527272110147
-150.54510040459806
-152.47531796242166
-154.31155517272052
-155.99215810785128
-157.444544133984
-158.58243825129136
-159.3073316368874
-159.52262575678765
-159.16701512866922
-158.2460825078334
-156.8251420043146
-154.99269782594087
-152.83232354868022
-150.41352847460593
-147.79224894031034
-145.01369207161528
-142.11496857225188
-139.1269634134898
-136.07545539524327
-132.98158986494204
-129.86177879628445
-126.72704664702272
-123.58178590203984
-120.42184906578319
-117.23192416053426
-113.98235964587019
-110.62646652874002
-107.10164976533298
-103.34017950521412
-99.2876694550733
-94.90490178545348
-90.13431289486793
-84.84848339420496
-78.78585758159898
-71.44017366228944
-61.81441097441085
-47.72497493624777
-20.611020986382503
-133.97898891445388
-132.57087560874638
-132.76786031244413
-133.72786089841026
-135.10080628753198
-136.70510473306354
-138.43397864142779
-140.2153686124554
-141.99267887174034
-143.7148724805458
-145.33096220027673
-146.78671131732253
-148.02282875206942
-148.97510241728764
-149.57813253163798
-149.77476044618967
-149.5301050769517
-148.84199557881274
-147.73867829988566
-146.26593943370122
-144.47390491142846
-142.40946160115692
-140.1136800431271
-137.62176906477984
-134.96386245687978
-132.16585226586446
-129.24998159867081
-126.23511431349006
-123.13665952244104
-119.96612952762558
-116.73030012061885
-113.42996695127923
-110.05840865890283
-106.59994809170593
-103.02947538537961
-99.31418604041478
-95.4178917756807
-91.30432006966895
-86.93116814180159
-82.22903228270069
-77.06579219918646
-71.19395306706159
-64.1631761210436
-55.141570900622455
-42.40259317645292
-18.94355307644457
-126.21414397888398
-125.26842186522262
-125.57473124836721
-126.51997108994382
-127.83294547683192
-129.35874695151767
-130.99810809797233
-132.68050656930149
-134.3500174606031
-135.9573967791347
-137.45553334056402
-138.79693039284763
-139.9327559608224
-140.81361283765972
-141.39251732484908
-141.63022725698895
-141.50154844650694
-140.9994245912557
-140.13407919811428
-138.92782858562293
-137.40881384579433
-135.60630431783295
-133.5481911307454
-131.26006984341228
-128.7651405165339
-126.08439853169688
-123.23684446223551
-120.23959783983868
-117.10786361084786
-113.85470278711485
-110.4905427387305
-107.02238355098136
-103.45278623594531
-99.77901773150177
-95.99303402720078
-92.0827712215373
-88.033899782981
-83.8292032900863
-79.44176890637651
-74.81893834411954
-69.85457298791302
-64.34621227597135
-57.927421337308175
-49.93157019529585
-38.96742323462949
-19.150249508145993
-118.3608185789104
-117.99892960038581
-118.54117089226823
-119.57782531456022
-120.91653520390457
-122.43694146279056
-124.05470058675863
-125.70584523391925
-127.33804171659231
-128.90526109548742
-130.36451269289367
-131.6740190183451
-132.7926042585954
-133.68030148082383
-134.30021455353017
-134.62137852914734
-134.62176248421522
-134.29010176016467
-133.62561145015934
-132.63578985585488
-131.3334659359035
-129.73423082950444
-127.85475012818686
-125.71188113699556
-123.32229924464481
-120.70236855821449
-117.8681078012688
-114.83520252309415
-111.61905014384304
-108.23478389503136
-104.69714117224392
-101.01998476935795
-97.21535191391739
-93.29231470104142
-89.25669373009222
-85.11268815696484
-80.86536753401077
-76.52040866013816
-72.078388439234
-67.52276188780034
-62.796374788325636
-57.75970917260154
-52.133116570031646
-45.39451551340641
-36.41592074507911
-20.24858148089239
-110.42090557934678
-110.70683906514105
-111.56605586649572
-112.77408409190778
-114.21156995453504
-115.79327419491608
-117.45239791311312
-119.13408837863409
-120.79142832851043
-122.38258187458547
-123.86878381868381
-125.21308817905386
-126.37986989241288
-127.33509099853147
-128.04727527101565
-128.48895883262423
-128.63815647487675
-128.47928425197
-128.00318386977528
-127.20633306958189
-126.08967566088117
-124.65752535579885
-122.91676777434722
-120.8763459184115
-118.54690900582027
-115.94052497778115
-113.07044460961006
-109.95100356560845
-106.59777221258497
-103.02793725152942
-99.26068876641492
-95.31718409487091
-91.2194176524479
-86.98764656615879
-82.63838398837707
-78.18739724437127
-73.65751424447701
-69.08164143764999
-64.49632634989231
-59.9364196943798
-55.421342423700615
-50.894167187877045
-46.144944859784694
-40.77524853235502
-33.93217397263472
-21.568356556049192
-102.3969044271448
-103.36099693684719
-104.58879801653237
-106.02841422819431
-107.62647507538433
-109.33000393378548
-111.08932159625027
-112.85928845032703
-114.59919261789703
-116.27194267471181
-117.8430748359739
-119.2799057279208
-120.55102705219522
-121.62622930649998
-122.47683379825381
-123.07630051670941
-123.4008939408496
-123.43018804018571
-123.14730766767232
-122.53897468507944
-121.59551961164813
-120.31095654262035
-118.68307432709243
-116.71341607450003
-114.40705206032676
-111.77213362678083
-108.81933124354487
-105.56145557438131
-102.01367347550575
-98.19443023020301
-94.12669623269865
-89.83902374164069
-85.36497611577663
-80.73739497701824
-75.97896909176923
-71.105509669112
-66.15194910719002
-61.18721268083008
-56.28749290214457
-51.53827332581251
-47.091469846562845
-43.048705764339694
-39.19056544931709
-35.135856633105085
-30.5046056679462
-22.331289430557973
-94.28199612375798
-95.93114525068795
-97.56027398613062
-99.27912524047176
-101.09220401137624
-102.97394063611716
-104.88952421466117
-106.80286559796792
-108.679565480681
-110.48760505108261
-112.19701593838846
-113.77921333139949
-115.2063709248896
-116.451011735315
-117.48584647646864
-118.28380689776296
-118.81819786529788
-119.06293389993291
-118.9929225188621
-118.58474065294975
-117.81769821741392
-116.67513974531745
-115.14557580761473
-113.22325302249449
-110.90804809429518
-108.20473709880505
-105.121735732034
-101.66987883608311
-97.86247917015893
-93.71718525123467
-89.25836307607017
-84.52003511585248
-79.55041167131088
-74.40458276978693
-69.10801098271547
-63.640157118237376
-58.01992877886444
-52.39324696744108
-46.88895889269149
-41.52918687983723
-36.680740404367775
-33.06576064986137
-30.16412869463757
-26.822365948928297
-23.981812320481858
-20.420390526248234
-86.05016559136541
-88.37250735157362
-90.42592915038031
-92.46722363020768
-94.54794915455199
-96.66352507798761
-98.79079477009375
-100.90148987218674
-102.96742246212341
-104.96207102080619
-106.86048203619696
-108.63850449895193
-110.27191107386325
-111.73564399018107
-113.00322860596349
-114.0463270919521
-114.8344285451182
-115.33475587254051
-115.51261621933918
-115.33257986986682
-114.76077702002131
-113.76796015088165
-112.33217656917644
-110.44002276323138
-108.08655045790664
-105.27417771372414
-102.01008179054892
-98.302492014146
-94.1596915541842
-89.59451468852424
-84.62803000061844
-79.28945158370857
-73.63781120940233
-67.78754601968441
-61.79659386001323
-55.49624189535272
-48.72126069549979
-41.86630825461916
-35.35248814484483
-28.486295741035526
-21.15805114897665
-17.886505040896516
-15.650331560418191
-7.262301596854902
-77.63746153822056
-80.60839642657241
-83.11254113430657
-85.52592457339634
-87.93229853227893
-90.3410720417434
-92.73751528292652
-95.10007430568315
-97.40700170429696
-99.6382175900063
-101.774920054732
-103.79837355419434
-105.68863338534263
-107.42345126095721
-108.97730929739863
-110.3204922305372
-111.41822056297626
-112.22997520277687
-112.7093491084334
-112.80530947470365
-112.4661127686495
-111.64567912135266
-110.30921658833536
-108.4348833347647
-106.01303170831845
-103.04562494396707
-99.5420307833657
-95.50785353571392
-90.93831795973695
-85.83271462330745
-80.20853064340544
-74.06246190496059
-67.39034012369629
-60.451208604440865
-53.59842054975024
-46.23897017454158
-37.146474259226665
-26.920763856035546
-18.898182828253162
-6.266502976165377
27.272789659639653
-68.89641795619916
-72.50484123956109
-75.51621106915435
-78.37280985276902
-81.17696841130577
-83.94754427871047
-86.67602531365034
-89.3472152098086
-91.94701559305949
-94.46385498359483
-96.88726633210615
-99.20576831603617
-101.40509844539947
-103.46692019566527
-105.36759784765731
-107.07672031084257
-108.55548702179348
-109.75511095296287
-110.61517321234055
-111.06321166507043
-111.02008698988618
-110.41404584564727
-109.19419442775809
-107.32987482201253
-104.80458354829165
-101.62182881639835
-97.80443975347424
-93.36095056433126
-88.25042642958378
-82.42327574329012
-75.92322912649415
-68.74246447173114
-60.38761572610591
-51.06735215783057
-42.98452029861579
-34.223796584324354
-18.01454213628652
57.04904851469117
-59.472893489076334
-63.84212053613524
-67.4927368354745
-70.90168865636335
-74.20051813122076
-77.41820712062
-80.55126127329913
-83.59182638087854
-86.53671001338394
-89.38707020243031
-92.14468444210235
-94.80827979013384
-97.37137172345594
-99.82136171062403
-102.13847970289272
-104.29351066580249
-106.24502336224188
-107.93706686035218
-109.29509036222095
-110.21785185196377
-110.57812573821752
-110.25656622127664
-109.18569396052453
-107.333799568337
-104.6617385126885
-101.1668170873389
-96.92181245216905
-91.97251719371563
-86.18041681049684
-79.29724077703358
-71.27504406240676
-62.98011911014114
-51.841998449790644
-30.531467074452326
-48.583918313490415
-54.32207538795794
-58.837200243589194
-62.964003671584685
-66.89814003501645
-70.6779968448908
-74.3041254434033
-77.78021171772534
-81.12174922205877
-84.35098690346449
-87.488698393314
-90.54814264548085
-93.53303946982305
-96.43885379829817
-99.25347562935838
-101.9532017244828
-104.49662666784535
-106.82390419573268
-108.85602983940322
-110.46545386267955
-111.42968865841868
-111.5057798498908
-110.62882664496672
-108.84000680738265
-105.98859518807784
-101.98565451471563
-97.08906551166001
-91.5143488838588
-84.8063039490797
-76.03677622850796
-59.81559776003293
-36.42975741803492
-43.3449243597416
-49.17305883397131
-54.31980619996114
-59.12415496631704
-63.63679657024629
-67.86970264909006
-71.85273381146949
-75.63829172717229
-79.28591876043801
-82.84669372701885
-86.35437115865805
-89.82430631375279
-93.26136038763565
-96.66858273434421
-100.03952766208172
-103.33704115343832
-106.49385993468158
-109.45906795941198
-112.16035019351796
-114.20874843334728
-114.87204961555962
-114.17827358368923
-112.75660711796148
-109.96341870957467
-105.01139727802008
-99.48912098047794
-92.99658312405829
-29.848774921402864
-37.58494957821597
-44.54901455112595
-50.66778162625825
-56.18700007947644
-61.17666547540549
-65.73789762528133
-70.00166686805781
-74.09484113497074
-78.11647875925466
-82.12969934695806
-86.15910721503272
-90.21229221405933
-94.32124329720286
-98.53549911918827
-102.84650892256481
-107.12116669773324
-111.34817216187903
-115.93203294186742
-120.83304734833351
-122.56249032638073
-122.30183398928861
-124.81886186625199
-23.044873965437016
-32.801091089696726
-41.21795630202543
-48.20621720519374
-54.146139098654025
-59.33655071584216
-64.08031717080011
-68.62320672607584
-73.13261716985771
-77.72135064765462
-82.41687313175224
-87.18872008834882
-92.11040768425806
-97.40611103624848
-103.27461026955767
-109.44843335405685
-115.31387771790502
-123.97831570371032
-148.80027958326065
-18.17102314513034
-30.210617071547222
-39.56896619312512
-46.67822546025493
-52.47175782582796
-57.625997514465666
-62.59240014138771
-67.578091095699
-72.83104472612803
-78.3929710899938
-84.05889846950517
-89.87243668997414
-96.66695676896937
-105.69540644369151
-135.43948554898893
54.24017926700974
-17.52679422056388
-30.09364688642122
-38.575409011842915
-44.72051397874407
-50.03495418171245
-55.436808974570084
-60.644764087738515
-66.62169355014841
-73.25812108463055
-79.73696073724491
21.804675337143397
-19.509468083099335
-29.218033352010764
-34.68347156691931
-38.98648499469092
-44.83428102433355
-44.37803085031108
5.424017925578182
-14.405967077310669
18.31727818082971
-1.47424
0.0
4.198507
20.63936
24.61304
42.75296
45.027573
64.86656
65.442105
83.478701
82.511145
66.665659
64.504792
52.473163
49.916629
46.943839
35.596947
19.937149
19.795333
4.277351
0.0
-11.382447
-27.042245
-32.430722
-42.702044
-58.361842
-74.02164
-84.656777
-89.681438
-105.341236
-121.001034
-136.660832
-136.882832
-152.320631
-167.980429
-183.640227
-189.108887
-187.086186
-171.426388
-155.76659
-145.051269
-140.106792
-124.446993
-108.787195
-93.127397
-92.825213
-77.467599
-61.807801
-46.148003
-40.599158
-30.488204
-14.828406
0.0
0.831392
11.626897
16.49119
32.150988
47.810786
63.470585
63.852952
79.130383
94.790181
85.606897
