10.581938
25.581938
40.581938
55.581938
70.581938
85.581938
100.581938
115.581938
130.581938
145.581938
160.581938
175.581938
190.581938
205.581938
-220.581938
-220.765467
-221.883734
-224.003106
-227.095555
-219.279819
-204.279987
-189.280181
-174.280408
-159.280678
-144.281004
-129.281407
-114.281914
-99.282575
-84.283472
-69.284756
-54.28675
-39.290267
-24.298125
-9.331277
43.543794
42.432231
43.268897
39.59349
27.098749
17.47989
6.684217
0.0
-4.63371
-13.730316
-26.74731
-34.144849
-48.86091
-54.559382
-70.97451
-74.973915
0.0
14.615812
19.924104
30.27561
45.935408
61.595206
72.021388
66.916544
51.256745
0.0
6.016322
13.259174
26.44266
35.357798
46.868997
57.456422
67.295335
73.807133
69.478621
63.85211
59.213342
39.9119071107834
22.459009777915576
9.602622982091143
9.79311523659265
12.138575245598105
13.172913440379784
12.535415968829124
14.203213255344469
-5.471408250451517
-2.331670974773542
0.2636639070689551
2.614062302339374
4.166971870841352
5.0745668339987215
6.309534321901804
8.240027677154597
-12.858101178293266
-9.309853190567852
-6.379363777359163
-3.9720802584144015
-2.175511654148164
-0.9501960271732296
-0.13517103881570675
0.2618821536573318
0.009005577493077092
-19.65647348945739
-15.384852985358576
-12.022853866813987
-9.334072124207145
-7.292451599092556
-5.895001447737885
-5.153205011350395
-5.168552688264449
-6.162266696869996
-8.85649409322502
-26.201190888057848
-20.99481958052372
-17.056927084175292
-13.959140594626044
-11.604517810620049
-9.981674482749419
-9.128979017702422
-9.154952085227478
-10.291276863228367
-13.108100472051916
-19.64914983196074
-32.54565879546058
-26.26248421337732
-21.631439349029066
-18.026115576992066
-15.278446525109969
-13.34667764772742
-12.253886843827555
-12.086338122193125
-13.023768533371978
-15.415678689626043
-19.972036048347153
-31.53055387662576
-38.685064659590644
-31.216809210318964
-25.798203698288408
-21.602684763851123
-18.386629189963532
-16.06608958704047
-14.630743808691937
-14.125970350219587
-14.661917357483322
-16.448001796679645
-19.892758437187275
-25.86014492259845
-45.506895311658745
-44.590612299454286
-35.845103384346935
-29.559357172228143
-24.70377575048945
-20.955183691533282
-18.18058155788579
-16.327465842348957
-15.393000809675824
-15.419626195410457
-16.507246378765362
-18.852244239277667
-22.873546053055424
-29.311814208566087
-59.625062928902786
-50.216946099653164
-40.10805298142614
-32.88515736125525
-27.311420088161892
-22.980671580173635
-19.70669337371624
-17.390833294881663
-15.980663944623807
-15.456293107956265
-15.828091873842181
-17.141915044065012
-19.492902627878173
-23.08182925749632
-27.669289888130642
-57.500729948732435
-55.501668739633566
-43.94260185454163
-35.71874708631066
-29.380183579766733
-24.43418153273669
-20.638182311400673
-17.84548496316252
-15.955138074221965
-14.891914789265195
-14.595831880865344
-15.012503437618292
-16.076594297156102
-17.6741102434844
-19.625475336473848
-21.429954427528475
-60.36061222916346
-47.258479944045064
-37.97384789132481
-30.8354908362305
-25.259362957830376
-20.942982041954867
-17.689806878373666
-15.351718189651722
-13.80495882895818
-12.9362006613352
-12.629602697808954
-12.74959939796855
-13.118028516625714
-13.498821229401285
-13.65518208908677
-13.136544725493179
-64.67870976516022
-49.92932735271572
-39.52709913800568
-31.567282649163758
-25.36703481838049
-20.558382370820592
-16.891709758817047
-14.171755358876776
-12.230902695802552
-10.914207940791067
-10.067446472432582
-9.525151223135419
-9.099518068960519
-8.575645790752148
-7.71685049755993
-6.283570953535987
-3.812779919016734
-68.29397048350536
-51.776931411963105
-40.204619430098994
-31.419326617933333
-24.627006435536856
-19.385028749091468
-15.38476153307579
-12.381452288526205
-10.165217509517891
-8.545375830636896
-7.339553329194162
-6.3653030442897585
-5.434878344545043
-4.3549970790770995
-2.9314360665976107
-0.9710836718633211
1.7310364222966097
5.619842520176017
-70.96814856161947
-52.54461105592531
-39.76073606044561
-30.173106555131675
-22.856473324460577
-17.279154343647242
-13.063875098817041
-9.91132195208916
-7.568152770736521
-5.809495402652839
-4.427375723040588
-3.2230668924179633
-2.0037107641763114
-0.5840884896273058
1.2069275518892704
3.5203768226902206
6.506589149441868
10.472079440235081
16.117113141460734
-72.32784397597582
-51.85288826082332
-37.84516845422729
-27.5235954615085
-19.80296586828143
-14.041291823540751
-9.778616245356417
-6.653717819186397
-4.367197520461664
-2.659681318199892
-1.2968923749529884
-0.059672750716603974
1.2609165069470702
2.8628351346058754
4.927015995843466
7.609126844264522
11.036625509472637
15.314183435707482
20.621646821266747
26.56388306443635
-71.73723755046973
-49.13163286774195
-33.951656744892986
-23.040360781456915
-15.116908714319
-9.3973729114518
-5.320132884654694
-2.4541494579020555
-0.45253831182383336
0.9776668223030478
2.0972151340859297
3.1502586408458035
4.374446581951176
6.00531943533945
8.275952178811666
11.417275293791848
15.669121835558876
21.351645176614912
28.2435981784148
-68.18153205273344
-43.52953121297252
-27.323927083478043
-16.095270289328813
-8.300473601668495
-2.960994308108537
0.608747126559641
2.9133962698677536
4.343261107320886
5.219022768497858
5.823776754487026
6.427611877937818
7.307582529073513
8.764292309503977
11.137498462570056
14.843501883913886
20.554270396004377
29.509146852955155
-60.48219583166279
-33.67353558048506
-16.723173471349313
-5.699940851322062
1.4106009037917846
5.862158531901557
8.47579642789247
9.81837197799781
10.307659249815034
10.27714817070742
10.020022591139458
9.82449671503719
10.009261477405301
10.96692529573835
13.225498227589432
17.54795760647872
25.780530854767242
-46.46593672622458
-16.591907568566786
0.2669810067815562
9.971892449530799
15.43375278223186
18.21142102115194
19.21586236215631
19.030667379837045
18.06615848767048
16.641674640071727
15.037302968798672
13.536544078707957
12.477604252827765
12.344988295440743
13.993446836874005
19.385653865377055
-13.84070308646404
18.13944545884373
31.222419624915705
36.88918585086837
38.732137605038524
38.30254359538769
36.41877531093675
33.578267890633114
30.121283340693473
26.309484687454496
22.372758700517863
18.548047925594584
15.127812485263103
12.533207661566452
12.00126793223397
-1.043987
46.943839
45.788474
-86.562241
-84.261904
-64.44864
-63.847371
-43.432838
-42.33504
-23.018305
-20.22144
-2.603772
0.0
1.89216
17.81076
24.00576
38.225293
46.11936
45.831457
