-5.809179
-20.746575
-35.736455
-50.732318
-63.092865
-48.095337
-33.100049
-18.112566
-3.24297
0.0
4.198507
20.63936
24.61304
42.75296
45.027573
64.86656
65.442105
83.478701
82.511145
66.665659
64.504792
52.473163
49.916629
17.66110166591123
15.105299775221598
35.60903468429548
12.91645216737369
26.823580081544844
60.68415079389626
11.08050460367557
24.785625037365342
36.97977271132779
11.107343469219655
23.357234762104355
33.545907408377985
42.3355546101526
12.642023332453755
23.158723796421125
32.03177632830524
39.77928600037148
44.52178415418143
14.769280527343602
23.88802215631834
33.12124467607866
45.26049856119191
15.746475647197151
-1.47424
-1.043987
0.0
14.615812
19.924104
30.27561
45.935408
61.595206
72.021388
66.916544
51.256745
46.943839
